   4.1000000e+01
   1.4400000e+02
   1.6100000e+02
   1.7000000e+02
   1.7400000e+02
   1.7900000e+02
   1.8200000e+02
   1.8900000e+02
   1.9600000e+02
   2.0400000e+02
   2.1200000e+02
   2.3100000e+02
   3.9000000e+02
   4.1600000e+02
   4.3200000e+02
   4.4400000e+02
   4.5700000e+02
   4.6300000e+02
   4.7300000e+02
   4.9400000e+02
   5.2000000e+02
   5.3500000e+02
   5.5000000e+02
   5.6700000e+02
   8.6600000e+02
   8.7700000e+02
   8.8800000e+02
   8.9800000e+02
   9.0500000e+02
   9.1100000e+02
   9.1700000e+02
   9.2300000e+02
   9.3400000e+02
   9.4900000e+02
   9.5800000e+02
   9.7400000e+02
   9.9100000e+02
   1.2350000e+03
   1.2460000e+03
   1.2520000e+03
   1.2580000e+03
   1.2650000e+03
   1.2950000e+03
   1.4430000e+03
   1.4530000e+03
   1.5050000e+03
   1.5200000e+03
   1.5800000e+03
   1.5870000e+03
   1.9400000e+03
   1.9510000e+03
   1.9630000e+03
   1.9710000e+03
   1.9820000e+03
   1.9890000e+03
   1.9960000e+03
   2.0000000e+03
   2.0080000e+03
   2.0130000e+03
   2.0230000e+03
   2.0330000e+03
   2.0410000e+03
   2.0540000e+03
   2.0700000e+03
   2.0850000e+03
   2.0950000e+03
   2.1100000e+03
   2.1190000e+03
   2.1370000e+03
   2.1570000e+03
   2.1740000e+03
   2.1850000e+03
   2.1900000e+03
   2.2050000e+03
   2.2340000e+03
   2.2480000e+03
   2.2620000e+03
   2.2820000e+03
   2.2880000e+03
   2.3010000e+03
   2.3150000e+03
   2.3210000e+03
   2.3330000e+03
   2.3440000e+03
   2.3520000e+03
   2.3620000e+03
   2.3730000e+03
   2.3840000e+03
   2.3980000e+03
   2.4190000e+03
   2.4460000e+03
   2.5550000e+03
   2.5690000e+03
   2.6340000e+03
   2.6460000e+03
   2.6600000e+03
   2.6710000e+03
   2.6890000e+03
   2.7130000e+03
   2.7410000e+03
   2.7530000e+03
   2.7620000e+03
   2.7750000e+03
   2.7900000e+03
   2.8210000e+03
   2.8380000e+03
   2.8760000e+03
   3.0870000e+03
   3.0950000e+03
   3.1020000e+03
   3.1080000e+03
   3.1200000e+03
   3.1340000e+03
   3.1460000e+03
   3.1590000e+03
   3.1790000e+03
   3.2130000e+03
   3.2250000e+03
   3.2580000e+03
   3.2670000e+03
   3.2740000e+03
   3.2880000e+03
   3.3050000e+03
   3.3190000e+03
   3.3380000e+03
   3.3500000e+03
   3.3610000e+03
   3.3690000e+03
   3.3830000e+03
   3.3960000e+03
   3.4120000e+03
   3.4270000e+03
   3.4380000e+03
   3.4500000e+03
   3.4590000e+03
   3.4960000e+03
   3.5240000e+03
   3.5340000e+03
   3.5460000e+03
   3.8000000e+03
   3.8070000e+03
   3.8150000e+03
   3.8220000e+03
   3.8290000e+03
   3.8400000e+03
   3.8500000e+03
   3.8610000e+03
   3.8710000e+03
   3.8900000e+03
   3.9430000e+03
   3.9490000e+03
   4.0120000e+03
   4.0200000e+03
   4.0230000e+03
   4.0530000e+03
   4.0720000e+03
   4.0810000e+03
   4.0960000e+03
   4.1080000e+03
   4.1150000e+03
   4.1280000e+03
   4.1380000e+03
   4.1490000e+03
   4.1590000e+03
   4.1690000e+03
   4.2020000e+03
   4.2140000e+03
   4.2260000e+03
   4.2380000e+03
   4.2630000e+03
   4.2770000e+03
   4.2910000e+03
   4.4450000e+03
   4.4570000e+03
   4.4650000e+03
   4.4710000e+03
   4.4870000e+03
   4.5020000e+03
   4.5230000e+03
   4.5490000e+03
   4.6480000e+03
   4.6590000e+03
   4.6730000e+03
   4.7650000e+03
   4.7830000e+03
   4.7910000e+03
   4.7980000e+03
   4.8170000e+03
   4.8260000e+03
   4.8370000e+03
   4.8670000e+03
   4.8740000e+03
   4.8840000e+03
   4.9120000e+03
   5.0700000e+03
   5.1450000e+03
   5.1550000e+03
   5.1940000e+03
   5.2140000e+03
   5.2220000e+03
   5.2370000e+03
   5.2920000e+03
   6.0230000e+03
   6.0330000e+03
   6.0540000e+03
   6.0620000e+03
   6.0710000e+03
   6.0810000e+03
   6.0900000e+03
   6.0950000e+03
   6.1050000e+03
   6.1170000e+03
   6.1260000e+03
   6.1390000e+03
   6.1490000e+03
   6.1710000e+03
   6.2090000e+03
   6.2280000e+03
   6.2500000e+03
   6.2630000e+03
   6.2740000e+03
   6.2900000e+03
   6.3050000e+03
   6.3210000e+03
   6.3610000e+03
   6.3710000e+03
   6.4000000e+03
   6.4240000e+03
   6.4320000e+03
   6.4440000e+03
   6.4530000e+03
   6.4630000e+03
   6.4760000e+03
   6.4910000e+03
   6.5200000e+03
   6.5390000e+03
   6.7800000e+03
   6.7920000e+03
   6.8060000e+03
   6.8160000e+03
   6.8250000e+03
   6.8400000e+03
   6.8460000e+03
   6.8580000e+03
   6.8980000e+03
   6.9230000e+03
   6.9490000e+03
   6.9630000e+03
   6.9890000e+03
   7.0040000e+03
   7.0260000e+03
   7.1300000e+03
   7.1510000e+03
   7.1670000e+03
   7.1810000e+03
   7.1950000e+03
   7.2040000e+03
   7.2240000e+03
   7.2450000e+03
   7.2570000e+03
   7.2690000e+03
   7.2810000e+03
   7.2890000e+03
   7.2970000e+03
   7.3060000e+03
   7.3130000e+03
   7.3290000e+03
   7.3380000e+03
   7.3510000e+03
   7.3600000e+03
   7.3700000e+03
   7.3960000e+03
   7.4210000e+03
   7.4750000e+03
   7.4910000e+03
   7.5110000e+03
   7.5200000e+03
   7.5430000e+03
   7.5940000e+03
   7.6110000e+03
   7.6510000e+03
   7.6870000e+03
   7.7280000e+03
   7.7480000e+03
   7.7850000e+03
   7.8040000e+03
   7.8160000e+03
   7.8290000e+03
   7.8390000e+03
   7.8580000e+03
   7.8730000e+03
   7.8840000e+03
   7.8930000e+03
   7.9030000e+03
   7.9150000e+03
   7.9250000e+03
   7.9390000e+03
   7.9460000e+03
   7.9580000e+03
   7.9710000e+03
   7.9830000e+03
   7.9910000e+03
   8.0060000e+03
   8.0270000e+03
   8.0710000e+03
   8.1000000e+03
   8.1130000e+03
   8.1320000e+03
   8.1480000e+03
   8.5850000e+03
   9.0050000e+03
   9.0140000e+03
   9.0440000e+03
   9.1000000e+03
   9.3070000e+03
   9.3180000e+03
   9.3350000e+03
   9.3600000e+03
   9.3840000e+03
   9.3920000e+03
   9.4120000e+03
   9.4250000e+03
   9.4390000e+03
   9.4430000e+03
   9.4560000e+03
   9.4640000e+03
   9.4770000e+03
   9.4930000e+03
   9.5030000e+03
   9.5130000e+03
   9.5210000e+03
   9.5280000e+03
   9.5400000e+03
   9.5490000e+03
   9.5670000e+03
   9.5830000e+03
   9.5950000e+03
   9.6040000e+03
   9.6190000e+03
   9.6340000e+03
   9.6560000e+03
   9.6730000e+03
   9.6830000e+03
   9.7110000e+03
   9.7750000e+03
   9.7840000e+03
   9.8030000e+03
   9.8180000e+03
   9.8370000e+03
   9.8440000e+03
   9.8640000e+03
   9.8740000e+03
   9.9020000e+03
   9.9180000e+03
   9.9330000e+03
   9.9860000e+03
   1.0013000e+04
   1.0025000e+04
