   1.4400000e+02
   1.4900000e+02
   1.5900000e+02
   1.6700000e+02
   1.7200000e+02
   1.7900000e+02
   1.8300000e+02
   1.9000000e+02
   1.9900000e+02
   2.0900000e+02
   2.1600000e+02
   2.2900000e+02
   2.5400000e+02
   3.8300000e+02
   3.8900000e+02
   3.9500000e+02
   4.0600000e+02
   4.2300000e+02
   4.3100000e+02
   4.4500000e+02
   4.5200000e+02
   4.5900000e+02
   4.6800000e+02
   4.7300000e+02
   4.9900000e+02
   5.2300000e+02
   5.4200000e+02
   5.5100000e+02
   5.7300000e+02
   6.9300000e+02
   7.0100000e+02
   7.1300000e+02
   8.6300000e+02
   8.7600000e+02
   8.9000000e+02
   8.9800000e+02
   9.0300000e+02
   9.0700000e+02
   9.1100000e+02
   9.1600000e+02
   9.1800000e+02
   9.3200000e+02
   9.4100000e+02
   9.6200000e+02
   9.7600000e+02
   1.1980000e+03
   1.2070000e+03
   1.2300000e+03
   1.2390000e+03
   1.2490000e+03
   1.2540000e+03
   1.2600000e+03
   1.2650000e+03
   1.2760000e+03
   1.2950000e+03
   1.3720000e+03
   1.3870000e+03
   1.4130000e+03
   1.4260000e+03
   1.4390000e+03
   1.4540000e+03
   1.4800000e+03
   1.5050000e+03
   1.5730000e+03
   1.5840000e+03
   1.8180000e+03
   1.9350000e+03
   1.9440000e+03
   1.9560000e+03
   1.9630000e+03
   1.9680000e+03
   1.9760000e+03
   1.9840000e+03
   1.9890000e+03
   1.9960000e+03
   2.0020000e+03
   2.0070000e+03
   2.0140000e+03
   2.0220000e+03
   2.0290000e+03
   2.0370000e+03
   2.0500000e+03
   2.0690000e+03
   2.0800000e+03
   2.0940000e+03
   2.1020000e+03
   2.1110000e+03
   2.1230000e+03
   2.1310000e+03
   2.1490000e+03
   2.1650000e+03
   2.1740000e+03
   2.1860000e+03
   2.1990000e+03
   2.2060000e+03
   2.2230000e+03
   2.2440000e+03
   2.2600000e+03
   2.2720000e+03
   2.2870000e+03
   2.2950000e+03
   2.3060000e+03
   2.3210000e+03
   2.3340000e+03
   2.3420000e+03
   2.3550000e+03
   2.3640000e+03
   2.3880000e+03
   2.4070000e+03
   2.4250000e+03
   2.4460000e+03
   2.5460000e+03
   2.5580000e+03
   2.5630000e+03
   2.5750000e+03
   2.6070000e+03
   2.6220000e+03
   2.6280000e+03
   2.6420000e+03
   2.6500000e+03
   2.6740000e+03
   2.7390000e+03
   2.7480000e+03
   2.7600000e+03
   2.7660000e+03
   2.7780000e+03
   2.7950000e+03
   2.8250000e+03
   2.8490000e+03
   2.8770000e+03
   2.8920000e+03
   2.9830000e+03
   3.0820000e+03
   3.0890000e+03
   3.0940000e+03
   3.1040000e+03
   3.1150000e+03
   3.1220000e+03
   3.1370000e+03
   3.1460000e+03
   3.1680000e+03
   3.2010000e+03
   3.2200000e+03
   3.2270000e+03
   3.2370000e+03
   3.2600000e+03
   3.2730000e+03
   3.2890000e+03
   3.2970000e+03
   3.3160000e+03
   3.3340000e+03
   3.3510000e+03
   3.3620000e+03
   3.3730000e+03
   3.3860000e+03
   3.4000000e+03
   3.4260000e+03
   3.4430000e+03
   3.4530000e+03
   3.4660000e+03
   3.4850000e+03
   3.5190000e+03
   3.5280000e+03
   3.5410000e+03
   3.5530000e+03
   3.6010000e+03
   3.8010000e+03
   3.8110000e+03
   3.8140000e+03
   3.8200000e+03
   3.8270000e+03
   3.8430000e+03
   3.8500000e+03
   3.8640000e+03
   3.8790000e+03
   3.8950000e+03
   3.9170000e+03
   3.9460000e+03
   3.9620000e+03
   3.9850000e+03
   4.0010000e+03
   4.0130000e+03
   4.0220000e+03
   4.0350000e+03
   4.0510000e+03
   4.0690000e+03
   4.0950000e+03
   4.1090000e+03
   4.1190000e+03
   4.1310000e+03
   4.1470000e+03
   4.1570000e+03
   4.1720000e+03
   4.1950000e+03
   4.2220000e+03
   4.2310000e+03
   4.2470000e+03
   4.2610000e+03
   4.2780000e+03
   4.2820000e+03
   4.2990000e+03
   4.3120000e+03
   4.4500000e+03
   4.4570000e+03
   4.4670000e+03
   4.4730000e+03
   4.4910000e+03
   4.5030000e+03
   4.5360000e+03
   4.5540000e+03
   4.5590000e+03
   4.5860000e+03
   4.6290000e+03
   4.6420000e+03
   4.6550000e+03
   4.6670000e+03
   4.6770000e+03
   4.7020000e+03
   4.7400000e+03
   4.7640000e+03
   4.7940000e+03
   4.8030000e+03
   4.8120000e+03
   4.8230000e+03
   4.8330000e+03
   4.8440000e+03
   4.8620000e+03
   4.8760000e+03
   4.8860000e+03
   4.9050000e+03
   4.9530000e+03
   5.0720000e+03
   5.0880000e+03
   5.1080000e+03
   5.1710000e+03
   5.1800000e+03
   5.1950000e+03
   5.2090000e+03
   5.2270000e+03
   5.2450000e+03
   5.2570000e+03
   5.2710000e+03
   5.2860000e+03
   5.3260000e+03
   5.3830000e+03
   5.5250000e+03
   5.5560000e+03
   5.6010000e+03
   5.6180000e+03
   5.7690000e+03
   5.7810000e+03
   5.8250000e+03
   5.8510000e+03
   5.8600000e+03
   5.8790000e+03
   5.9070000e+03
   5.9310000e+03
   5.9470000e+03
   5.9620000e+03
   6.2010000e+03
   6.2070000e+03
   6.2210000e+03
   6.2400000e+03
   6.2440000e+03
   6.2490000e+03
   6.2630000e+03
   6.2730000e+03
   6.3930000e+03
   6.4010000e+03
   6.4280000e+03
   6.4470000e+03
   6.4700000e+03
   6.4900000e+03
   6.6340000e+03
   6.6560000e+03
   6.6680000e+03
   6.6790000e+03
   6.6930000e+03
   6.7010000e+03
   6.7070000e+03
   6.7200000e+03
   6.7240000e+03
   6.7320000e+03
   6.7390000e+03
   6.7500000e+03
   6.7550000e+03
   6.7620000e+03
   6.7720000e+03
   6.7850000e+03
   6.8050000e+03
   6.8190000e+03
   6.8310000e+03
   6.8490000e+03
   6.8590000e+03
   6.8760000e+03
   6.8970000e+03
   6.9290000e+03
   6.9610000e+03
   6.9800000e+03
   6.9970000e+03
   7.0080000e+03
   7.0180000e+03
   7.0290000e+03
   7.0390000e+03
   7.0460000e+03
   7.0560000e+03
   7.0720000e+03
   7.0780000e+03
   7.0930000e+03
   7.1110000e+03
   7.1210000e+03
   7.1400000e+03
   7.1570000e+03
   7.1670000e+03
   7.1890000e+03
   7.2100000e+03
   7.2290000e+03
   7.2420000e+03
   7.2560000e+03
   7.2660000e+03
   7.2880000e+03
   7.3010000e+03
   7.3070000e+03
   7.3270000e+03
   7.3360000e+03
   7.3510000e+03
   7.3700000e+03
   7.3790000e+03
   7.3960000e+03
   7.4110000e+03
   7.4210000e+03
   7.4340000e+03
   7.4430000e+03
   7.4600000e+03
   7.4730000e+03
   7.4840000e+03
   7.5020000e+03
   7.5330000e+03
   7.5450000e+03
   7.5650000e+03
   7.5760000e+03
   7.5920000e+03
   7.6070000e+03
   7.6170000e+03
   7.6350000e+03
   7.6600000e+03
   7.6800000e+03
   7.6960000e+03
   7.7140000e+03
   7.7350000e+03
   7.7440000e+03
   7.7610000e+03
   7.7700000e+03
   7.7770000e+03
   7.7860000e+03
   7.8030000e+03
   7.8150000e+03
   7.8340000e+03
   7.8460000e+03
   7.8600000e+03
   7.8700000e+03
   7.8900000e+03
   7.9090000e+03
   7.9190000e+03
   7.9410000e+03
   7.9560000e+03
   7.9690000e+03
   7.9920000e+03
   8.0040000e+03
   8.0240000e+03
   8.0830000e+03
   8.1030000e+03
   8.1330000e+03
   8.1620000e+03
   8.1800000e+03
   8.2050000e+03
   8.2450000e+03
   8.2570000e+03
   8.2690000e+03
   8.2850000e+03
   8.2990000e+03
   8.3220000e+03
   8.3410000e+03
   8.4670000e+03
   8.4850000e+03
   8.5100000e+03
   8.5340000e+03
   8.5540000e+03
   8.5900000e+03
   8.5990000e+03
   8.6130000e+03
   8.6270000e+03
   8.6470000e+03
   8.6580000e+03
   8.6680000e+03
   8.6760000e+03
   8.6810000e+03
   8.6860000e+03
   8.6950000e+03
   8.7060000e+03
   8.7250000e+03
   8.7460000e+03
   8.7670000e+03
   8.7870000e+03
   8.8150000e+03
   8.8350000e+03
   8.8410000e+03
   8.8590000e+03
   8.8660000e+03
   8.8740000e+03
   8.8850000e+03
   8.8950000e+03
   8.9030000e+03
   8.9180000e+03
   8.9270000e+03
   8.9370000e+03
   8.9570000e+03
   9.0880000e+03
   9.1000000e+03
   9.1470000e+03
   9.1600000e+03
   9.1760000e+03
   9.2270000e+03
   9.2670000e+03
   9.2840000e+03
   9.3100000e+03
   9.3240000e+03
   9.3400000e+03
   9.3480000e+03
   9.3570000e+03
   9.3680000e+03
   9.3810000e+03
   9.3870000e+03
   9.4040000e+03
   9.4110000e+03
   9.4220000e+03
   9.4310000e+03
   9.4440000e+03
   9.4520000e+03
   9.4600000e+03
   9.4780000e+03
   9.4900000e+03
   9.5090000e+03
   9.5260000e+03
   9.5600000e+03
   9.5760000e+03
   9.5940000e+03
   9.6110000e+03
   9.6560000e+03
   9.6830000e+03
   9.7090000e+03
   9.7280000e+03
   9.7380000e+03
   9.7480000e+03
   9.7560000e+03
   9.7670000e+03
   9.7820000e+03
   9.7970000e+03
   9.8040000e+03
   9.8180000e+03
   9.8360000e+03
   9.8530000e+03
   9.8810000e+03
   9.8950000e+03
   9.9150000e+03
   9.9300000e+03
   9.9490000e+03
   9.9750000e+03
