   8.8000000e+01
   1.2800000e+02
   1.4500000e+02
   1.5100000e+02
   1.5700000e+02
   1.6200000e+02
   1.6700000e+02
   1.7200000e+02
   1.7600000e+02
   1.8000000e+02
   1.8700000e+02
   1.9300000e+02
   2.0300000e+02
   2.1000000e+02
   2.1700000e+02
   2.3100000e+02
   2.5500000e+02
   3.9200000e+02
   3.9900000e+02
   4.1000000e+02
   4.2400000e+02
   4.3700000e+02
   4.4700000e+02
   4.5400000e+02
   4.5900000e+02
   4.6400000e+02
   4.7000000e+02
   4.7400000e+02
   4.9100000e+02
   5.1800000e+02
   5.4000000e+02
   5.5500000e+02
   5.6800000e+02
   5.9000000e+02
   6.3300000e+02
   7.0400000e+02
   7.2900000e+02
   8.6500000e+02
   8.8300000e+02
   8.9500000e+02
   9.0300000e+02
   9.0900000e+02
   9.1300000e+02
   9.2000000e+02
   9.3000000e+02
   9.4000000e+02
   9.5700000e+02
   9.8000000e+02
   1.1920000e+03
   1.2010000e+03
   1.2180000e+03
   1.2310000e+03
   1.2410000e+03
   1.2500000e+03
   1.2550000e+03
   1.2660000e+03
   1.2750000e+03
   1.2990000e+03
   1.3760000e+03
   1.3930000e+03
   1.4250000e+03
   1.4530000e+03
   1.4700000e+03
   1.4930000e+03
   1.5050000e+03
   1.5730000e+03
   1.5790000e+03
   1.5970000e+03
   1.9430000e+03
   1.9550000e+03
   1.9640000e+03
   1.9710000e+03
   1.9850000e+03
   1.9960000e+03
   2.0010000e+03
   2.0060000e+03
   2.0150000e+03
   2.0220000e+03
   2.0310000e+03
   2.0360000e+03
   2.0500000e+03
   2.0640000e+03
   2.0750000e+03
   2.0930000e+03
   2.1010000e+03
   2.1080000e+03
   2.1230000e+03
   2.1300000e+03
   2.1410000e+03
   2.1560000e+03
   2.1700000e+03
   2.1830000e+03
   2.1930000e+03
   2.2050000e+03
   2.2180000e+03
   2.2310000e+03
   2.2430000e+03
   2.2620000e+03
   2.2750000e+03
   2.2890000e+03
   2.2990000e+03
   2.3090000e+03
   2.3170000e+03
   2.3280000e+03
   2.3440000e+03
   2.3540000e+03
   2.3650000e+03
   2.3730000e+03
   2.4060000e+03
   2.4310000e+03
   2.4550000e+03
   2.5510000e+03
   2.5630000e+03
   2.5720000e+03
   2.6130000e+03
   2.6260000e+03
   2.6330000e+03
   2.6460000e+03
   2.6690000e+03
   2.7500000e+03
   2.7590000e+03
   2.7740000e+03
   2.7920000e+03
   2.8020000e+03
   2.8310000e+03
   2.8610000e+03
   2.8840000e+03
   2.9690000e+03
   3.0850000e+03
   3.0910000e+03
   3.1020000e+03
   3.1110000e+03
   3.1210000e+03
   3.1450000e+03
   3.1650000e+03
   3.2070000e+03
   3.2170000e+03
   3.2300000e+03
   3.2460000e+03
   3.2670000e+03
   3.2750000e+03
   3.2890000e+03
   3.2950000e+03
   3.3080000e+03
   3.3230000e+03
   3.3360000e+03
   3.3510000e+03
   3.3620000e+03
   3.3660000e+03
   3.3830000e+03
   3.3920000e+03
   3.4030000e+03
   3.4270000e+03
   3.4440000e+03
   3.4580000e+03
   3.4710000e+03
   3.4900000e+03
   3.5310000e+03
   3.5470000e+03
   3.5640000e+03
   3.8060000e+03
   3.8120000e+03
   3.8170000e+03
   3.8260000e+03
   3.8410000e+03
   3.8460000e+03
   3.8650000e+03
   3.8760000e+03
   3.9060000e+03
   3.9340000e+03
   3.9530000e+03
   4.0010000e+03
   4.0110000e+03
   4.0220000e+03
   4.0300000e+03
   4.0430000e+03
   4.0510000e+03
   4.0720000e+03
   4.0870000e+03
   4.1020000e+03
   4.1190000e+03
   4.1250000e+03
   4.1410000e+03
   4.1520000e+03
   4.1690000e+03
   4.2020000e+03
   4.2200000e+03
   4.2280000e+03
   4.2390000e+03
   4.2580000e+03
   4.2740000e+03
   4.2830000e+03
   4.2960000e+03
   4.3050000e+03
   4.4400000e+03
   4.4480000e+03
   4.4620000e+03
   4.4700000e+03
   4.4820000e+03
   4.5060000e+03
   4.5380000e+03
   4.5530000e+03
   4.5730000e+03
   4.6340000e+03
   4.6500000e+03
   4.6660000e+03
   4.6810000e+03
   4.7020000e+03
   4.7680000e+03
   4.7780000e+03
   4.7920000e+03
   4.8030000e+03
   4.8210000e+03
   4.8320000e+03
   4.8510000e+03
   4.8670000e+03
   4.8840000e+03
   4.9480000e+03
   5.1710000e+03
   5.1780000e+03
   5.1830000e+03
   5.1900000e+03
   5.2030000e+03
   5.2210000e+03
   5.2370000e+03
   5.2570000e+03
   5.2680000e+03
   5.2870000e+03
   5.3140000e+03
   5.5360000e+03
   5.5530000e+03
   5.5640000e+03
   5.8320000e+03
   5.8380000e+03
   5.8430000e+03
   5.8490000e+03
   5.8540000e+03
   5.8670000e+03
   5.8890000e+03
   5.9030000e+03
   5.9190000e+03
   5.9390000e+03
   5.9990000e+03
   6.0110000e+03
   6.0200000e+03
   6.0430000e+03
   6.0570000e+03
   6.0710000e+03
   6.0850000e+03
   6.1090000e+03
   6.1250000e+03
   6.1430000e+03
   6.1730000e+03
   6.3650000e+03
   6.3720000e+03
   6.3840000e+03
   6.3900000e+03
   6.4030000e+03
   6.4180000e+03
   6.4770000e+03
   6.4970000e+03
   6.5430000e+03
   6.5620000e+03
   6.5710000e+03
   6.5870000e+03
   6.5990000e+03
   6.6150000e+03
   6.6260000e+03
   6.6310000e+03
   6.6570000e+03
   6.6680000e+03
   6.6780000e+03
   6.6880000e+03
   6.7120000e+03
   6.7570000e+03
   6.7770000e+03
   6.8350000e+03
   6.8410000e+03
   6.8540000e+03
   6.8650000e+03
   6.8940000e+03
   6.9100000e+03
   6.9180000e+03
   6.9320000e+03
   6.9660000e+03
   7.0350000e+03
   7.0760000e+03
   7.0840000e+03
   7.0930000e+03
   7.1030000e+03
   7.1230000e+03
   7.1340000e+03
   7.1410000e+03
   7.1580000e+03
   7.1670000e+03
   7.1810000e+03
   7.1890000e+03
   7.1980000e+03
   7.2050000e+03
   7.2150000e+03
   7.2230000e+03
   7.2360000e+03
   7.2540000e+03
   7.2650000e+03
   7.2880000e+03
   7.3030000e+03
   7.3140000e+03
   7.3270000e+03
   7.3390000e+03
   7.3530000e+03
   7.3650000e+03
   7.3750000e+03
   7.3900000e+03
   7.3980000e+03
   7.4180000e+03
   7.4260000e+03
   7.4340000e+03
   7.4450000e+03
   7.4560000e+03
   7.4700000e+03
   7.4880000e+03
   7.5000000e+03
   7.5280000e+03
   7.5560000e+03
   7.5880000e+03
   7.5940000e+03
   7.6350000e+03
   7.6540000e+03
   7.6590000e+03
   7.6760000e+03
   7.6920000e+03
   7.7290000e+03
   7.7400000e+03
   7.7510000e+03
   7.9110000e+03
   7.9440000e+03
   7.9550000e+03
   7.9640000e+03
   7.9760000e+03
   8.0130000e+03
   8.0290000e+03
   8.0400000e+03
   8.0570000e+03
   8.0740000e+03
   8.0890000e+03
   8.1080000e+03
   8.1150000e+03
   8.1560000e+03
   8.1840000e+03
   8.1990000e+03
   8.2070000e+03
   8.2240000e+03
   8.2390000e+03
   8.2540000e+03
   8.2750000e+03
   8.2900000e+03
   8.3070000e+03
   8.3200000e+03
   8.3250000e+03
   8.3400000e+03
   8.3470000e+03
   8.3560000e+03
   8.3680000e+03
   8.3880000e+03
   8.4030000e+03
   8.5200000e+03
   8.5410000e+03
   8.5690000e+03
   8.5730000e+03
   8.5850000e+03
   8.5910000e+03
   8.5960000e+03
   8.6040000e+03
   8.6160000e+03
   8.6270000e+03
   8.6410000e+03
   8.6850000e+03
   8.7130000e+03
   8.7290000e+03
   8.7530000e+03
   8.7640000e+03
   8.8030000e+03
   8.8230000e+03
   8.8320000e+03
   8.8490000e+03
   8.8750000e+03
   8.9210000e+03
   8.9370000e+03
   8.9780000e+03
   8.9960000e+03
   9.0160000e+03
   9.0310000e+03
   9.0430000e+03
   9.0550000e+03
   9.0750000e+03
   9.0850000e+03
   9.1130000e+03
   9.3270000e+03
   9.3380000e+03
   9.3490000e+03
   9.3540000e+03
   9.3640000e+03
   9.3750000e+03
   9.3860000e+03
   9.3920000e+03
   9.4060000e+03
   9.4180000e+03
   9.4340000e+03
   9.4460000e+03
   9.4660000e+03
   9.4830000e+03
   9.4960000e+03
   9.5150000e+03
   9.5330000e+03
   9.5460000e+03
   9.5570000e+03
   9.5710000e+03
   9.5890000e+03
   9.6060000e+03
   9.6320000e+03
   9.7630000e+03
   9.8300000e+03
   9.8540000e+03
