   9.2000000e+01
   1.1000000e+02
   1.2500000e+02
   1.3600000e+02
   1.4400000e+02
   1.5000000e+02
   1.5500000e+02
   1.6100000e+02
   1.6600000e+02
   1.7300000e+02
   1.7700000e+02
   1.8200000e+02
   1.8700000e+02
   1.9100000e+02
   1.9500000e+02
   2.0200000e+02
   2.0700000e+02
   2.1300000e+02
   2.1800000e+02
   2.2900000e+02
   2.3700000e+02
   2.5100000e+02
   2.8900000e+02
   3.9100000e+02
   3.9700000e+02
   4.0500000e+02
   4.1900000e+02
   4.2600000e+02
   4.4100000e+02
   4.4900000e+02
   4.5600000e+02
   4.6300000e+02
   4.7200000e+02
   4.8200000e+02
   4.9400000e+02
   5.1400000e+02
   5.3500000e+02
   5.5000000e+02
   5.6400000e+02
   5.8900000e+02
   6.9700000e+02
   8.6900000e+02
   8.7800000e+02
   8.8900000e+02
   9.0100000e+02
   9.0700000e+02
   9.1200000e+02
   9.1900000e+02
   9.2600000e+02
   9.3300000e+02
   9.4900000e+02
   9.6100000e+02
   9.8200000e+02
   1.2070000e+03
   1.2400000e+03
   1.2470000e+03
   1.2540000e+03
   1.2610000e+03
   1.2760000e+03
   1.2950000e+03
   1.3750000e+03
   1.4380000e+03
   1.4540000e+03
   1.4840000e+03
   1.5000000e+03
   1.5680000e+03
   1.5770000e+03
   1.6070000e+03
   1.9410000e+03
   1.9540000e+03
   1.9690000e+03
   1.9770000e+03
   1.9840000e+03
   1.9910000e+03
   1.9970000e+03
   2.0030000e+03
   2.0100000e+03
   2.0210000e+03
   2.0300000e+03
   2.0420000e+03
   2.0530000e+03
   2.0760000e+03
   2.0900000e+03
   2.1020000e+03
   2.1090000e+03
   2.1180000e+03
   2.1290000e+03
   2.1370000e+03
   2.1610000e+03
   2.1700000e+03
   2.1810000e+03
   2.1880000e+03
   2.1960000e+03
   2.2050000e+03
   2.2180000e+03
   2.2350000e+03
   2.2540000e+03
   2.2640000e+03
   2.2770000e+03
   2.2870000e+03
   2.2980000e+03
   2.3060000e+03
   2.3160000e+03
   2.3250000e+03
   2.3350000e+03
   2.3520000e+03
   2.3620000e+03
   2.3700000e+03
   2.3900000e+03
   2.4110000e+03
   2.4370000e+03
   2.5500000e+03
   2.5560000e+03
   2.5740000e+03
   2.6070000e+03
   2.6250000e+03
   2.6310000e+03
   2.6390000e+03
   2.6580000e+03
   2.6710000e+03
   2.6840000e+03
   2.6970000e+03
   2.7370000e+03
   2.7450000e+03
   2.7580000e+03
   2.7680000e+03
   2.7820000e+03
   2.8060000e+03
   2.8560000e+03
   2.8840000e+03
   3.0840000e+03
   3.1000000e+03
   3.1120000e+03
   3.1210000e+03
   3.1320000e+03
   3.1500000e+03
   3.1650000e+03
   3.1920000e+03
   3.2050000e+03
   3.2170000e+03
   3.2260000e+03
   3.2400000e+03
   3.2700000e+03
   3.2750000e+03
   3.2810000e+03
   3.2950000e+03
   3.3100000e+03
   3.3310000e+03
   3.3440000e+03
   3.3600000e+03
   3.3670000e+03
   3.3780000e+03
   3.3840000e+03
   3.3940000e+03
   3.4100000e+03
   3.4320000e+03
   3.4430000e+03
   3.4520000e+03
   3.4710000e+03
   3.4880000e+03
   3.5110000e+03
   3.5280000e+03
   3.5430000e+03
   3.5550000e+03
   3.8040000e+03
   3.8120000e+03
   3.8210000e+03
   3.8290000e+03
   3.8430000e+03
   3.8540000e+03
   3.8720000e+03
   3.8880000e+03
   3.9030000e+03
   3.9440000e+03
   3.9630000e+03
   4.0060000e+03
   4.0140000e+03
   4.0240000e+03
   4.0310000e+03
   4.0420000e+03
   4.0570000e+03
   4.0730000e+03
   4.0910000e+03
   4.1050000e+03
   4.1140000e+03
   4.1250000e+03
   4.1380000e+03
   4.1490000e+03
   4.1840000e+03
   4.2250000e+03
   4.2300000e+03
   4.2410000e+03
   4.2700000e+03
   4.2810000e+03
   4.2990000e+03
   4.3160000e+03
   4.4410000e+03
   4.4500000e+03
   4.4610000e+03
   4.4780000e+03
   4.4950000e+03
   4.5340000e+03
   4.5490000e+03
   4.5760000e+03
   4.6420000e+03
   4.6600000e+03
   4.6730000e+03
   4.6840000e+03
   4.7240000e+03
   4.7650000e+03
   4.7920000e+03
   4.7980000e+03
   4.8150000e+03
   4.8240000e+03
   4.8350000e+03
   4.8510000e+03
   4.8610000e+03
   4.8660000e+03
   4.8760000e+03
   4.8870000e+03
   4.9110000e+03
   5.1050000e+03
   5.1140000e+03
   5.4250000e+03
   5.6880000e+03
   5.7220000e+03
   5.7490000e+03
   5.7660000e+03
   5.7800000e+03
   5.7890000e+03
   5.8000000e+03
   5.8040000e+03
   5.8120000e+03
   5.8160000e+03
   5.8200000e+03
   5.8280000e+03
   5.8320000e+03
   5.8380000e+03
   5.8450000e+03
   5.8510000e+03
   5.8650000e+03
   5.8720000e+03
   5.8870000e+03
   5.9070000e+03
   5.9200000e+03
   5.9320000e+03
   6.0750000e+03
   6.1350000e+03
   6.1490000e+03
   6.1760000e+03
   6.1910000e+03
   6.2200000e+03
   6.2360000e+03
   6.2470000e+03
   6.2650000e+03
   6.2800000e+03
   6.2960000e+03
   6.3040000e+03
   6.3130000e+03
   6.3290000e+03
   6.3530000e+03
   6.4760000e+03
   6.4980000e+03
   6.5160000e+03
   6.5400000e+03
   6.5470000e+03
   6.5620000e+03
   6.5680000e+03
   6.5820000e+03
   6.6060000e+03
   6.6210000e+03
   6.6710000e+03
   6.7070000e+03
   6.7220000e+03
   6.7400000e+03
   6.7600000e+03
   6.7760000e+03
   6.7890000e+03
   6.7940000e+03
   6.8130000e+03
   6.8270000e+03
   6.8360000e+03
   6.8600000e+03
   6.8670000e+03
   6.8780000e+03
   6.8910000e+03
   6.9030000e+03
   6.9390000e+03
   7.0470000e+03
   7.0860000e+03
   7.1040000e+03
   7.1210000e+03
   7.1380000e+03
   7.1560000e+03
   7.1690000e+03
   7.1950000e+03
   7.2110000e+03
   7.2210000e+03
   7.2370000e+03
   7.2450000e+03
   7.2550000e+03
   7.2700000e+03
   7.2810000e+03
   7.2940000e+03
   7.3060000e+03
   7.3150000e+03
   7.3250000e+03
   7.3320000e+03
   7.3410000e+03
   7.3470000e+03
   7.3550000e+03
   7.3750000e+03
   7.3840000e+03
   7.4000000e+03
   7.4390000e+03
   7.4600000e+03
   7.4860000e+03
   7.5110000e+03
   7.5320000e+03
   7.5480000e+03
   7.5700000e+03
   7.5910000e+03
   7.6130000e+03
   7.6310000e+03
   7.6500000e+03
   7.6580000e+03
   7.6720000e+03
   7.6840000e+03
   7.7000000e+03
   7.7550000e+03
   7.9150000e+03
   7.9300000e+03
   7.9470000e+03
   7.9630000e+03
   8.0930000e+03
   8.1210000e+03
   8.1310000e+03
   8.1470000e+03
   8.1530000e+03
   8.1580000e+03
   8.1650000e+03
   8.1720000e+03
   8.1780000e+03
   8.1850000e+03
   8.1950000e+03
   8.2010000e+03
   8.2100000e+03
   8.2210000e+03
   8.2330000e+03
   8.2440000e+03
   8.2600000e+03
   8.2680000e+03
   8.2780000e+03
   8.2870000e+03
   8.2990000e+03
   8.3210000e+03
   8.3730000e+03
   8.4860000e+03
   8.5710000e+03
   8.6260000e+03
   8.6390000e+03
   8.6500000e+03
   8.7060000e+03
   8.7150000e+03
   8.7240000e+03
   8.7750000e+03
   8.7930000e+03
   8.8410000e+03
   8.8640000e+03
   8.8740000e+03
   8.8920000e+03
   8.9120000e+03
   8.9240000e+03
   8.9340000e+03
   8.9490000e+03
   8.9620000e+03
   8.9810000e+03
   9.2030000e+03
   9.2800000e+03
   9.2980000e+03
   9.3250000e+03
   9.3320000e+03
   9.3520000e+03
   9.3650000e+03
   9.3920000e+03
   9.4100000e+03
   9.4240000e+03
   9.7350000e+03
