   1.2100000e+02
   1.4400000e+02
   1.5200000e+02
   1.6000000e+02
   1.6700000e+02
   1.7300000e+02
   1.7600000e+02
   1.8200000e+02
   1.8600000e+02
   1.9100000e+02
   1.9600000e+02
   2.0500000e+02
   2.1000000e+02
   2.1900000e+02
   2.4000000e+02
   2.5600000e+02
   3.9100000e+02
   3.9700000e+02
   4.1200000e+02
   4.3000000e+02
   4.3600000e+02
   4.4700000e+02
   4.5300000e+02
   4.6100000e+02
   4.6800000e+02
   4.8000000e+02
   5.0600000e+02
   5.3800000e+02
   5.4300000e+02
   5.5300000e+02
   5.8400000e+02
   8.6500000e+02
   8.7400000e+02
   8.8200000e+02
   8.9200000e+02
   9.0100000e+02
   9.0700000e+02
   9.1200000e+02
   9.1800000e+02
   9.2300000e+02
   9.3400000e+02
   9.4100000e+02
   9.5100000e+02
   9.6600000e+02
   9.8300000e+02
   1.2020000e+03
   1.2250000e+03
   1.2370000e+03
   1.2430000e+03
   1.2500000e+03
   1.2590000e+03
   1.2640000e+03
   1.2730000e+03
   1.2820000e+03
   1.3840000e+03
   1.4170000e+03
   1.4320000e+03
   1.4430000e+03
   1.4580000e+03
   1.4890000e+03
   1.5640000e+03
   1.5690000e+03
   1.5840000e+03
   1.5920000e+03
   1.9400000e+03
   1.9470000e+03
   1.9550000e+03
   1.9660000e+03
   1.9730000e+03
   1.9830000e+03
   1.9890000e+03
   1.9950000e+03
   2.0000000e+03
   2.0050000e+03
   2.0140000e+03
   2.0220000e+03
   2.0270000e+03
   2.0360000e+03
   2.0430000e+03
   2.0530000e+03
   2.0730000e+03
   2.0910000e+03
   2.0970000e+03
   2.1090000e+03
   2.1150000e+03
   2.1220000e+03
   2.1390000e+03
   2.1590000e+03
   2.1750000e+03
   2.1880000e+03
   2.1940000e+03
   2.2110000e+03
   2.2250000e+03
   2.2540000e+03
   2.2710000e+03
   2.2800000e+03
   2.2920000e+03
   2.3060000e+03
   2.3160000e+03
   2.3370000e+03
   2.3490000e+03
   2.3590000e+03
   2.3680000e+03
   2.3760000e+03
   2.3950000e+03
   2.4300000e+03
   2.4460000e+03
   2.5540000e+03
   2.5610000e+03
   2.5720000e+03
   2.5860000e+03
   2.6160000e+03
   2.6320000e+03
   2.6380000e+03
   2.6490000e+03
   2.6680000e+03
   2.6750000e+03
   2.7130000e+03
   2.7420000e+03
   2.7540000e+03
   2.7690000e+03
   2.7840000e+03
   2.7960000e+03
   2.8660000e+03
   2.8750000e+03
   2.8930000e+03
   2.9720000e+03
   3.0820000e+03
   3.0900000e+03
   3.0990000e+03
   3.1080000e+03
   3.1140000e+03
   3.1270000e+03
   3.1420000e+03
   3.1510000e+03
   3.1790000e+03
   3.1970000e+03
   3.2170000e+03
   3.2290000e+03
   3.2360000e+03
   3.2460000e+03
   3.2740000e+03
   3.2830000e+03
   3.3010000e+03
   3.3130000e+03
   3.3250000e+03
   3.3470000e+03
   3.3580000e+03
   3.3700000e+03
   3.3800000e+03
   3.3920000e+03
   3.3960000e+03
   3.4050000e+03
   3.4210000e+03
   3.4360000e+03
   3.4490000e+03
   3.4860000e+03
   3.5230000e+03
   3.5350000e+03
   3.5420000e+03
   3.8050000e+03
   3.8120000e+03
   3.8180000e+03
   3.8350000e+03
   3.8510000e+03
   3.8580000e+03
   3.8750000e+03
   3.8960000e+03
   3.9090000e+03
   3.9410000e+03
   3.9640000e+03
   4.0020000e+03
   4.0120000e+03
   4.0240000e+03
   4.0480000e+03
   4.0610000e+03
   4.0790000e+03
   4.0900000e+03
   4.1010000e+03
   4.1090000e+03
   4.1160000e+03
   4.1280000e+03
   4.1390000e+03
   4.1480000e+03
   4.1620000e+03
   4.1830000e+03
   4.2190000e+03
   4.2300000e+03
   4.2410000e+03
   4.2640000e+03
   4.2750000e+03
   4.2820000e+03
   4.3000000e+03
   4.4420000e+03
   4.4530000e+03
   4.4640000e+03
   4.4760000e+03
   4.4960000e+03
   4.5160000e+03
   4.5340000e+03
   4.5520000e+03
   4.6160000e+03
   4.6500000e+03
   4.6580000e+03
   4.6740000e+03
   4.7030000e+03
   4.7560000e+03
   4.7810000e+03
   4.7860000e+03
   4.7970000e+03
   4.8090000e+03
   4.8150000e+03
   4.8280000e+03
   4.8390000e+03
   4.8540000e+03
   4.8720000e+03
   4.8790000e+03
   4.9070000e+03
   5.0500000e+03
   5.0540000e+03
   5.0590000e+03
   5.0680000e+03
   5.0880000e+03
   5.1000000e+03
   5.1150000e+03
   5.1290000e+03
   5.2620000e+03
   5.5960000e+03
   5.8710000e+03
   5.8770000e+03
   5.8860000e+03
   5.8930000e+03
   5.9010000e+03
   5.9100000e+03
   5.9190000e+03
   5.9300000e+03
   5.9370000e+03
   5.9440000e+03
   5.9620000e+03
   5.9720000e+03
   5.9850000e+03
   6.0010000e+03
   6.0150000e+03
   6.0250000e+03
   6.0300000e+03
   6.0430000e+03
   6.0530000e+03
   6.0810000e+03
   6.0990000e+03
   6.1140000e+03
   6.1250000e+03
   6.1590000e+03
   6.1880000e+03
   6.2260000e+03
   6.3650000e+03
   6.4440000e+03
   6.5470000e+03
   6.6110000e+03
   6.6620000e+03
   6.7140000e+03
   6.7250000e+03
   6.7410000e+03
   6.7580000e+03
   6.7660000e+03
   6.7720000e+03
   6.7780000e+03
   6.7850000e+03
   6.7920000e+03
   6.7970000e+03
   6.8040000e+03
   6.8110000e+03
   6.8160000e+03
   6.8210000e+03
   6.8260000e+03
   6.8330000e+03
   6.8410000e+03
   6.8480000e+03
   6.8600000e+03
   6.8680000e+03
   6.8800000e+03
   6.8940000e+03
   6.9050000e+03
   6.9190000e+03
   6.9300000e+03
   6.9380000e+03
   6.9600000e+03
   7.1510000e+03
   7.1580000e+03
   7.1690000e+03
   7.1770000e+03
   7.1870000e+03
   7.1990000e+03
   7.2100000e+03
   7.2290000e+03
   7.2380000e+03
   7.2600000e+03
   7.2730000e+03
   7.2880000e+03
   7.4310000e+03
   7.4440000e+03
   7.4550000e+03
   7.4630000e+03
   7.4730000e+03
   7.4850000e+03
   7.5020000e+03
   7.5110000e+03
   7.5160000e+03
   7.5250000e+03
   7.5330000e+03
   7.5410000e+03
   7.5610000e+03
   7.6040000e+03
   7.8790000e+03
   7.8910000e+03
   7.8980000e+03
   7.9080000e+03
   7.9140000e+03
   7.9330000e+03
   7.9530000e+03
   7.9770000e+03
   7.9880000e+03
   8.0020000e+03
   8.0130000e+03
   8.0280000e+03
   8.0360000e+03
   8.0490000e+03
   8.0680000e+03
   8.0750000e+03
   8.0880000e+03
   8.1000000e+03
   8.1260000e+03
   8.1560000e+03
   8.1730000e+03
   8.2460000e+03
   8.2590000e+03
   8.2680000e+03
   8.2860000e+03
   8.3040000e+03
   8.3130000e+03
   8.3250000e+03
   8.3370000e+03
   8.3460000e+03
   8.3540000e+03
   8.3720000e+03
   8.3820000e+03
   8.4020000e+03
   8.5860000e+03
   8.6440000e+03
   8.6590000e+03
   8.6810000e+03
   8.6960000e+03
   8.7130000e+03
   8.7240000e+03
   8.7520000e+03
   8.7660000e+03
   8.7750000e+03
   8.7890000e+03
   8.8570000e+03
   8.8740000e+03
   8.8940000e+03
   8.9060000e+03
   8.9220000e+03
   8.9350000e+03
   8.9420000e+03
   8.9560000e+03
   8.9650000e+03
   8.9690000e+03
   8.9740000e+03
   8.9820000e+03
   8.9880000e+03
   8.9990000e+03
   9.0070000e+03
   9.0170000e+03
   9.0260000e+03
   9.0400000e+03
   9.0500000e+03
   9.0560000e+03
   9.0650000e+03
   9.0780000e+03
   9.0960000e+03
   9.1240000e+03
   9.2650000e+03
   9.2790000e+03
   9.2980000e+03
   9.3090000e+03
   9.3190000e+03
   9.3360000e+03
   9.3510000e+03
   9.3660000e+03
   9.3700000e+03
   9.3840000e+03
   9.3990000e+03
   9.4110000e+03
   9.4200000e+03
   9.4370000e+03
   9.4550000e+03
   9.4780000e+03
   9.4910000e+03
   9.4990000e+03
   9.5250000e+03
   9.5610000e+03
   9.5880000e+03
   9.6000000e+03
   9.6280000e+03
   9.6430000e+03
   9.6530000e+03
   9.6670000e+03
   9.7720000e+03
   9.7850000e+03
   9.8070000e+03
   9.9620000e+03
   9.9910000e+03
   1.0011000e+04
   1.0025000e+04
   1.0036000e+04
