   1.3000000e+02
   1.4400000e+02
   1.5500000e+02
   1.6000000e+02
   1.6600000e+02
   1.7200000e+02
   1.7700000e+02
   1.8600000e+02
   1.9200000e+02
   1.9900000e+02
   2.0900000e+02
   2.2200000e+02
   2.4200000e+02
   3.8200000e+02
   3.8800000e+02
   4.0000000e+02
   4.1100000e+02
   4.2700000e+02
   4.4400000e+02
   4.5100000e+02
   4.5800000e+02
   4.6400000e+02
   4.7700000e+02
   4.8700000e+02
   5.0900000e+02
   5.2900000e+02
   5.4200000e+02
   5.5000000e+02
   5.7200000e+02
   7.1100000e+02
   8.6300000e+02
   8.7600000e+02
   8.8500000e+02
   8.9400000e+02
   9.0100000e+02
   9.0900000e+02
   9.2000000e+02
   9.2800000e+02
   9.3200000e+02
   9.4200000e+02
   9.5900000e+02
   9.8000000e+02
   1.2070000e+03
   1.2230000e+03
   1.2390000e+03
   1.2460000e+03
   1.2530000e+03
   1.2590000e+03
   1.2680000e+03
   1.2830000e+03
   1.3760000e+03
   1.3900000e+03
   1.4150000e+03
   1.4370000e+03
   1.4530000e+03
   1.4650000e+03
   1.4830000e+03
   1.5110000e+03
   1.5780000e+03
   1.5870000e+03
   1.8220000e+03
   1.9430000e+03
   1.9570000e+03
   1.9630000e+03
   1.9730000e+03
   1.9840000e+03
   1.9890000e+03
   1.9970000e+03
   2.0040000e+03
   2.0150000e+03
   2.0240000e+03
   2.0330000e+03
   2.0470000e+03
   2.0580000e+03
   2.0810000e+03
   2.0950000e+03
   2.1020000e+03
   2.1120000e+03
   2.1230000e+03
   2.1310000e+03
   2.1560000e+03
   2.1680000e+03
   2.1790000e+03
   2.1860000e+03
   2.1920000e+03
   2.2030000e+03
   2.2140000e+03
   2.2300000e+03
   2.2500000e+03
   2.2650000e+03
   2.2740000e+03
   2.2880000e+03
   2.2990000e+03
   2.3160000e+03
   2.3260000e+03
   2.3380000e+03
   2.3480000e+03
   2.3590000e+03
   2.3650000e+03
   2.3750000e+03
   2.3920000e+03
   2.4110000e+03
   2.4510000e+03
   2.5160000e+03
   2.5480000e+03
   2.5620000e+03
   2.5750000e+03
   2.5870000e+03
   2.6150000e+03
   2.6270000e+03
   2.6390000e+03
   2.6580000e+03
   2.6770000e+03
   2.7100000e+03
   2.7450000e+03
   2.7630000e+03
   2.7720000e+03
   2.7840000e+03
   2.8010000e+03
   2.8380000e+03
   2.8800000e+03
   2.8880000e+03
   2.9690000e+03
   3.0870000e+03
   3.0940000e+03
   3.0990000e+03
   3.1090000e+03
   3.1190000e+03
   3.1250000e+03
   3.1380000e+03
   3.1560000e+03
   3.1680000e+03
   3.1850000e+03
   3.2170000e+03
   3.2240000e+03
   3.2360000e+03
   3.2530000e+03
   3.2630000e+03
   3.2740000e+03
   3.2860000e+03
   3.2980000e+03
   3.3180000e+03
   3.3530000e+03
   3.3600000e+03
   3.3680000e+03
   3.3830000e+03
   3.3950000e+03
   3.4030000e+03
   3.4240000e+03
   3.4450000e+03
   3.4570000e+03
   3.4660000e+03
   3.4910000e+03
   3.5190000e+03
   3.5370000e+03
   3.5450000e+03
   3.5570000e+03
   3.8070000e+03
   3.8130000e+03
   3.8170000e+03
   3.8230000e+03
   3.8320000e+03
   3.8480000e+03
   3.8560000e+03
   3.8630000e+03
   3.8850000e+03
   3.9100000e+03
   3.9380000e+03
   3.9700000e+03
   4.0070000e+03
   4.0170000e+03
   4.0310000e+03
   4.0440000e+03
   4.0630000e+03
   4.0930000e+03
   4.1060000e+03
   4.1190000e+03
   4.1250000e+03
   4.1430000e+03
   4.1530000e+03
   4.1670000e+03
   4.2080000e+03
   4.2140000e+03
   4.2240000e+03
   4.2400000e+03
   4.2510000e+03
   4.2680000e+03
   4.2730000e+03
   4.2830000e+03
   4.2970000e+03
   4.3120000e+03
   4.4450000e+03
   4.4550000e+03
   4.4650000e+03
   4.4760000e+03
   4.4880000e+03
   4.5090000e+03
   4.5470000e+03
   4.5630000e+03
   4.6440000e+03
   4.6580000e+03
   4.6670000e+03
   4.6780000e+03
   4.6910000e+03
   4.7370000e+03
   4.7820000e+03
   4.7890000e+03
   4.7980000e+03
   4.8070000e+03
   4.8190000e+03
   4.8260000e+03
   4.8340000e+03
   4.8470000e+03
   4.8610000e+03
   4.8710000e+03
   4.8870000e+03
   4.8920000e+03
   4.9530000e+03
   5.1230000e+03
   5.1490000e+03
   5.1600000e+03
   5.1700000e+03
   5.1760000e+03
   5.1830000e+03
   5.1960000e+03
   5.3100000e+03
   5.3220000e+03
   5.3320000e+03
   5.3510000e+03
   5.3610000e+03
   5.3720000e+03
   5.3960000e+03
   5.4210000e+03
   5.4660000e+03
   5.4760000e+03
   5.5660000e+03
   5.6170000e+03
   5.6420000e+03
   5.6600000e+03
   5.6740000e+03
   5.6830000e+03
   5.6900000e+03
   5.6990000e+03
   5.7100000e+03
   5.7250000e+03
   5.7330000e+03
   5.7450000e+03
   5.7530000e+03
   5.7660000e+03
   5.7900000e+03
   5.8090000e+03
   5.8280000e+03
   5.8960000e+03
   5.9360000e+03
   5.9540000e+03
   5.9640000e+03
   5.9760000e+03
   5.9880000e+03
   5.9950000e+03
   6.0070000e+03
   6.0200000e+03
   6.0300000e+03
   6.0370000e+03
   6.0420000e+03
   6.0500000e+03
   6.0580000e+03
   6.0670000e+03
   6.0760000e+03
   6.0810000e+03
   6.0880000e+03
   6.1030000e+03
   6.1100000e+03
   6.1260000e+03
   6.1470000e+03
   6.1600000e+03
   6.1710000e+03
   6.1850000e+03
   6.2090000e+03
   6.2270000e+03
   6.2410000e+03
   6.2540000e+03
   6.2610000e+03
   6.2740000e+03
   6.2910000e+03
   6.3100000e+03
   6.3320000e+03
   6.3760000e+03
   6.3870000e+03
   6.4030000e+03
   6.4230000e+03
   6.4350000e+03
   6.4480000e+03
   6.4580000e+03
   6.4750000e+03
   6.5030000e+03
   6.5200000e+03
   6.5370000e+03
   6.5600000e+03
   6.6770000e+03
   6.7000000e+03
   6.7140000e+03
   6.7270000e+03
   6.7390000e+03
   6.7580000e+03
   6.7670000e+03
   6.7740000e+03
   6.7830000e+03
   6.7950000e+03
   6.8020000e+03
   6.8160000e+03
   6.8270000e+03
   6.8390000e+03
   6.8530000e+03
   6.8690000e+03
   6.8770000e+03
   6.8890000e+03
   6.9010000e+03
   6.9190000e+03
   6.9290000e+03
   6.9390000e+03
   6.9560000e+03
   6.9720000e+03
   6.9950000e+03
   7.1860000e+03
   7.2060000e+03
   7.2180000e+03
   7.2430000e+03
   7.2610000e+03
   7.2760000e+03
   7.2840000e+03
   7.2980000e+03
   7.3070000e+03
   7.3180000e+03
   7.3260000e+03
   7.3430000e+03
   7.3630000e+03
   7.3930000e+03
   7.4170000e+03
   7.4340000e+03
   7.4500000e+03
   7.4590000e+03
   7.4690000e+03
   7.4840000e+03
   7.4920000e+03
   7.5080000e+03
   7.5360000e+03
   7.8130000e+03
   7.8200000e+03
   7.8450000e+03
   7.8530000e+03
   7.8590000e+03
   7.8700000e+03
   7.8760000e+03
   7.8830000e+03
   7.8920000e+03
   7.9000000e+03
   7.9170000e+03
   7.9470000e+03
   7.9980000e+03
   8.0170000e+03
   8.1670000e+03
   8.1850000e+03
   8.1980000e+03
   8.2180000e+03
   8.2510000e+03
   8.3500000e+03
   8.3630000e+03
   8.3710000e+03
   8.3760000e+03
   8.3900000e+03
   8.3960000e+03
   8.4040000e+03
   8.4110000e+03
   8.4170000e+03
   8.4210000e+03
   8.4360000e+03
   8.4620000e+03
   8.4810000e+03
   8.5480000e+03
   8.5560000e+03
   8.5690000e+03
   8.6040000e+03
   8.6190000e+03
   8.6380000e+03
   8.8600000e+03
   8.9980000e+03
   9.0120000e+03
   9.0420000e+03
   9.0550000e+03
   9.0740000e+03
   9.0860000e+03
   9.0950000e+03
   9.1120000e+03
   9.1430000e+03
   9.4300000e+03
   9.4400000e+03
   9.4510000e+03
   9.4590000e+03
   9.4850000e+03
   9.5100000e+03
   9.5500000e+03
   9.7600000e+03
   9.7760000e+03
   9.7820000e+03
   9.7870000e+03
   9.7930000e+03
   9.7970000e+03
   9.8010000e+03
   9.8050000e+03
   9.8090000e+03
   9.8130000e+03
   9.8220000e+03
   9.8270000e+03
   9.8380000e+03
   9.8480000e+03
   9.8580000e+03
   9.8620000e+03
   9.8700000e+03
   9.8800000e+03
   9.8860000e+03
   9.8950000e+03
   9.9040000e+03
   9.9130000e+03
   9.9310000e+03
   9.9410000e+03
   9.9570000e+03
   9.9720000e+03
