   1.4100000e+02
   1.5300000e+02
   1.5700000e+02
   1.6600000e+02
   1.7000000e+02
   1.7600000e+02
   1.8400000e+02
   1.9100000e+02
   2.0100000e+02
   2.1200000e+02
   2.1800000e+02
   2.3700000e+02
   2.5500000e+02
   3.9300000e+02
   4.0300000e+02
   4.1800000e+02
   4.2800000e+02
   4.4500000e+02
   4.5600000e+02
   4.6200000e+02
   4.7300000e+02
   4.9600000e+02
   5.3200000e+02
   5.4800000e+02
   5.6700000e+02
   7.0200000e+02
   7.3000000e+02
   8.8400000e+02
   8.9100000e+02
   8.9900000e+02
   9.0700000e+02
   9.1200000e+02
   9.1700000e+02
   9.2300000e+02
   9.3300000e+02
   9.5200000e+02
   9.6600000e+02
   9.9900000e+02
   1.2340000e+03
   1.2410000e+03
   1.2470000e+03
   1.2550000e+03
   1.2610000e+03
   1.2750000e+03
   1.3780000e+03
   1.4170000e+03
   1.4400000e+03
   1.5680000e+03
   1.5780000e+03
   1.5930000e+03
   1.9460000e+03
   1.9550000e+03
   1.9730000e+03
   1.9850000e+03
   1.9930000e+03
   1.9980000e+03
   2.0070000e+03
   2.0160000e+03
   2.0270000e+03
   2.0380000e+03
   2.0480000e+03
   2.0620000e+03
   2.0810000e+03
   2.0950000e+03
   2.1010000e+03
   2.1120000e+03
   2.1210000e+03
   2.1350000e+03
   2.1510000e+03
   2.1780000e+03
   2.1850000e+03
   2.2000000e+03
   2.2220000e+03
   2.2600000e+03
   2.2710000e+03
   2.2780000e+03
   2.2920000e+03
   2.3140000e+03
   2.3220000e+03
   2.3330000e+03
   2.3420000e+03
   2.3490000e+03
   2.3610000e+03
   2.3680000e+03
   2.3760000e+03
   2.3860000e+03
   2.4080000e+03
   2.4240000e+03
   2.5520000e+03
   2.5580000e+03
   2.5950000e+03
   2.6150000e+03
   2.6340000e+03
   2.6510000e+03
   2.6690000e+03
   2.6960000e+03
   2.7400000e+03
   2.7480000e+03
   2.7600000e+03
   2.7790000e+03
   2.8150000e+03
   2.8760000e+03
   2.9790000e+03
   3.0840000e+03
   3.0900000e+03
   3.0980000e+03
   3.1030000e+03
   3.1130000e+03
   3.1250000e+03
   3.1370000e+03
   3.1540000e+03
   3.1680000e+03
   3.1730000e+03
   3.2140000e+03
   3.2210000e+03
   3.2460000e+03
   3.2690000e+03
   3.2800000e+03
   3.2980000e+03
   3.3080000e+03
   3.3340000e+03
   3.3480000e+03
   3.3550000e+03
   3.3690000e+03
   3.3780000e+03
   3.3840000e+03
   3.3900000e+03
   3.4060000e+03
   3.4290000e+03
   3.4410000e+03
   3.4890000e+03
   3.5260000e+03
   3.5330000e+03
   3.5420000e+03
   3.5530000e+03
   3.8030000e+03
   3.8130000e+03
   3.8230000e+03
   3.8290000e+03
   3.8440000e+03
   3.8540000e+03
   3.8620000e+03
   3.8920000e+03
   3.9340000e+03
   3.9400000e+03
   3.9490000e+03
   4.0130000e+03
   4.0210000e+03
   4.0290000e+03
   4.0450000e+03
   4.0610000e+03
   4.0690000e+03
   4.0790000e+03
   4.1010000e+03
   4.1130000e+03
   4.1180000e+03
   4.1350000e+03
   4.1420000e+03
   4.1620000e+03
   4.1700000e+03
   4.2130000e+03
   4.2270000e+03
   4.2350000e+03
   4.2420000e+03
   4.2560000e+03
   4.2730000e+03
   4.2780000e+03
   4.2880000e+03
   4.3000000e+03
   4.4460000e+03
   4.4510000e+03
   4.4620000e+03
   4.4660000e+03
   4.4800000e+03
   4.4940000e+03
   4.5140000e+03
   4.5330000e+03
   4.5460000e+03
   4.5750000e+03
   4.6310000e+03
   4.6470000e+03
   4.6660000e+03
   4.6830000e+03
   4.7830000e+03
   4.7960000e+03
   4.8110000e+03
   4.8170000e+03
   4.8310000e+03
   4.8440000e+03
   4.8560000e+03
   4.8650000e+03
   4.8780000e+03
   4.9010000e+03
   4.9540000e+03
   5.2060000e+03
   5.2280000e+03
   5.2410000e+03
   5.2650000e+03
   5.2750000e+03
   5.2880000e+03
   5.3020000e+03
   5.3200000e+03
   5.3370000e+03
   5.3650000e+03
   5.3910000e+03
   5.4180000e+03
   5.4820000e+03
   5.4920000e+03
   5.5420000e+03
   5.8120000e+03
   5.8370000e+03
   6.0530000e+03
   6.0720000e+03
   6.0990000e+03
   6.1110000e+03
   6.1240000e+03
   6.1310000e+03
   6.1480000e+03
   6.1760000e+03
   6.2200000e+03
   6.2550000e+03
   6.2840000e+03
   6.2910000e+03
   6.3070000e+03
   6.3170000e+03
   6.3360000e+03
   6.3760000e+03
   6.4170000e+03
   6.4310000e+03
   6.4990000e+03
   6.5110000e+03
   6.5300000e+03
   6.5380000e+03
   6.5540000e+03
   6.5630000e+03
   6.5760000e+03
   6.5870000e+03
   6.6000000e+03
   6.6320000e+03
   6.6640000e+03
   6.6810000e+03
   6.7000000e+03
   6.7080000e+03
   6.7260000e+03
   6.7440000e+03
   6.7670000e+03
   7.3050000e+03
   7.3580000e+03
   7.3710000e+03
   7.3850000e+03
   7.4690000e+03
   7.4880000e+03
   7.5090000e+03
   7.5610000e+03
   7.5800000e+03
   7.5970000e+03
   7.6140000e+03
   7.6260000e+03
   7.6410000e+03
   7.6640000e+03
   7.6930000e+03
   7.7190000e+03
   7.7350000e+03
   7.7810000e+03
   7.8050000e+03
   7.8250000e+03
   7.8520000e+03
   7.8610000e+03
   7.8740000e+03
   7.8840000e+03
   7.8970000e+03
   7.9210000e+03
   7.9320000e+03
   7.9490000e+03
   7.9600000e+03
   7.9690000e+03
   7.9830000e+03
   7.9980000e+03
   8.0160000e+03
   8.0240000e+03
   8.0370000e+03
   8.0610000e+03
   8.0960000e+03
   8.1090000e+03
   8.1220000e+03
   8.1350000e+03
   8.1390000e+03
   8.1460000e+03
   8.1520000e+03
   8.1610000e+03
   8.1690000e+03
   8.1800000e+03
   8.1950000e+03
   8.2120000e+03
   8.2250000e+03
   8.2400000e+03
   8.4460000e+03
   8.5580000e+03
   8.7350000e+03
   8.7430000e+03
   8.7560000e+03
   8.7670000e+03
   8.7810000e+03
   8.8050000e+03
   8.8270000e+03
   8.8420000e+03
   8.8550000e+03
   8.8780000e+03
   8.9070000e+03
   8.9430000e+03
   8.9510000e+03
   8.9610000e+03
   8.9750000e+03
   8.9810000e+03
   8.9980000e+03
   9.1360000e+03
   9.3230000e+03
   9.3730000e+03
   9.3920000e+03
   9.4040000e+03
   9.4340000e+03
   9.4480000e+03
   9.4570000e+03
   9.4640000e+03
   9.4680000e+03
   9.4740000e+03
   9.4820000e+03
   9.4900000e+03
   9.5010000e+03
   9.5080000e+03
   9.5180000e+03
   9.5340000e+03
   9.5570000e+03
   9.6750000e+03
   9.6980000e+03
   9.7070000e+03
   9.7740000e+03
   9.9340000e+03
   9.9790000e+03
