   4.9000000e+01
   1.1800000e+02
   1.3900000e+02
   1.5400000e+02
   1.6000000e+02
   1.6500000e+02
   1.7000000e+02
   1.7400000e+02
   1.7900000e+02
   1.8300000e+02
   1.8900000e+02
   1.9300000e+02
   1.9900000e+02
   2.0200000e+02
   2.0700000e+02
   2.1500000e+02
   2.2600000e+02
   2.3400000e+02
   2.4500000e+02
   4.0700000e+02
   4.2200000e+02
   4.3000000e+02
   4.4800000e+02
   4.5500000e+02
   4.6300000e+02
   4.7600000e+02
   4.9200000e+02
   5.0500000e+02
   5.3200000e+02
   5.3800000e+02
   5.4700000e+02
   5.6600000e+02
   7.1000000e+02
   8.6600000e+02
   8.8100000e+02
   8.9100000e+02
   8.9700000e+02
   9.0200000e+02
   9.0700000e+02
   9.1300000e+02
   9.1800000e+02
   9.2800000e+02
   9.4000000e+02
   9.5000000e+02
   9.5700000e+02
   9.7400000e+02
   1.0040000e+03
   1.2010000e+03
   1.2240000e+03
   1.2350000e+03
   1.2490000e+03
   1.2540000e+03
   1.2670000e+03
   1.2780000e+03
   1.3010000e+03
   1.4340000e+03
   1.4510000e+03
   1.4930000e+03
   1.5090000e+03
   1.5740000e+03
   1.5960000e+03
   1.9490000e+03
   1.9570000e+03
   1.9650000e+03
   1.9740000e+03
   1.9830000e+03
   1.9910000e+03
   1.9950000e+03
   2.0010000e+03
   2.0100000e+03
   2.0150000e+03
   2.0230000e+03
   2.0330000e+03
   2.0440000e+03
   2.0530000e+03
   2.0630000e+03
   2.0700000e+03
   2.0830000e+03
   2.0910000e+03
   2.0990000e+03
   2.1080000e+03
   2.1170000e+03
   2.1270000e+03
   2.1380000e+03
   2.1530000e+03
   2.1850000e+03
   2.1950000e+03
   2.2020000e+03
   2.2180000e+03
   2.2540000e+03
   2.2610000e+03
   2.2790000e+03
   2.2930000e+03
   2.2990000e+03
   2.3090000e+03
   2.3170000e+03
   2.3260000e+03
   2.3320000e+03
   2.3430000e+03
   2.3530000e+03
   2.3600000e+03
   2.3720000e+03
   2.3870000e+03
   2.3980000e+03
   2.4170000e+03
   2.4240000e+03
   2.4400000e+03
   2.5510000e+03
   2.5540000e+03
   2.5690000e+03
   2.5860000e+03
   2.6150000e+03
   2.6320000e+03
   2.6430000e+03
   2.6520000e+03
   2.6750000e+03
   2.6930000e+03
   2.7420000e+03
   2.7490000e+03
   2.7580000e+03
   2.7740000e+03
   2.7870000e+03
   2.8070000e+03
   2.8330000e+03
   2.8550000e+03
   2.8710000e+03
   2.9760000e+03
   3.0940000e+03
   3.1010000e+03
   3.1100000e+03
   3.1190000e+03
   3.1340000e+03
   3.1510000e+03
   3.1590000e+03
   3.1650000e+03
   3.1900000e+03
   3.2170000e+03
   3.2280000e+03
   3.2540000e+03
   3.2710000e+03
   3.2800000e+03
   3.2920000e+03
   3.3050000e+03
   3.3140000e+03
   3.3250000e+03
   3.3290000e+03
   3.3420000e+03
   3.3550000e+03
   3.3630000e+03
   3.3770000e+03
   3.3890000e+03
   3.3970000e+03
   3.4080000e+03
   3.4230000e+03
   3.4350000e+03
   3.4490000e+03
   3.4610000e+03
   3.4710000e+03
   3.4910000e+03
   3.5260000e+03
   3.5390000e+03
   3.5530000e+03
   3.8020000e+03
   3.8100000e+03
   3.8170000e+03
   3.8210000e+03
   3.8420000e+03
   3.8780000e+03
   3.8900000e+03
   3.9040000e+03
   3.9530000e+03
   4.0060000e+03
   4.0110000e+03
   4.0240000e+03
   4.0340000e+03
   4.0540000e+03
   4.0720000e+03
   4.0860000e+03
   4.1060000e+03
   4.1160000e+03
   4.1280000e+03
   4.1390000e+03
   4.1460000e+03
   4.1520000e+03
   4.1560000e+03
   4.1860000e+03
   4.1980000e+03
   4.2190000e+03
   4.2290000e+03
   4.2470000e+03
   4.2710000e+03
   4.2840000e+03
   4.3170000e+03
   4.4580000e+03
   4.4650000e+03
   4.4880000e+03
   4.5010000e+03
   4.5200000e+03
   4.5430000e+03
   4.5560000e+03
   4.6570000e+03
   4.6620000e+03
   4.6770000e+03
   4.6980000e+03
   4.7790000e+03
   4.7930000e+03
   4.8060000e+03
   4.8170000e+03
   4.8220000e+03
   4.8330000e+03
   4.8430000e+03
   4.8530000e+03
   4.8720000e+03
   4.9440000e+03
   5.2060000e+03
   5.2210000e+03
   5.2310000e+03
   5.2420000e+03
   5.2600000e+03
   5.2860000e+03
   5.3110000e+03
   5.3250000e+03
   5.3320000e+03
   5.3440000e+03
   5.3550000e+03
   5.3590000e+03
   5.3680000e+03
   5.3810000e+03
   5.3900000e+03
   5.4000000e+03
   5.4130000e+03
   5.4230000e+03
   5.4390000e+03
   5.4600000e+03
   5.4840000e+03
   5.5020000e+03
   5.5490000e+03
   5.5600000e+03
   5.5940000e+03
   5.6120000e+03
   5.6210000e+03
   5.6380000e+03
   5.6600000e+03
   5.6780000e+03
   5.6890000e+03
   5.7010000e+03
   5.7200000e+03
   5.7460000e+03
   5.8130000e+03
   5.8380000e+03
   5.8740000e+03
   5.8900000e+03
   5.9020000e+03
   5.9340000e+03
   5.9550000e+03
   5.9680000e+03
   5.9780000e+03
   5.9880000e+03
   5.9970000e+03
   6.0110000e+03
   6.0200000e+03
   6.0270000e+03
   6.0400000e+03
   6.0550000e+03
   6.0830000e+03
   6.1080000e+03
   6.1190000e+03
   6.1510000e+03
   6.1780000e+03
   6.1870000e+03
   6.9610000e+03
   6.9890000e+03
   7.0080000e+03
   7.0220000e+03
   7.0280000e+03
   7.0380000e+03
   7.0610000e+03
   7.0800000e+03
   7.0930000e+03
   7.1040000e+03
   7.1140000e+03
   7.1250000e+03
   7.1330000e+03
   7.1420000e+03
   7.1590000e+03
   7.1680000e+03
   7.1790000e+03
   7.1990000e+03
   7.2400000e+03
   7.5770000e+03
   7.5840000e+03
   7.5910000e+03
   7.7010000e+03
   7.7110000e+03
   7.7230000e+03
   7.7320000e+03
   7.7450000e+03
   7.7490000e+03
   7.7540000e+03
   7.7640000e+03
   7.7720000e+03
   7.7800000e+03
   7.7860000e+03
   7.7930000e+03
   7.7990000e+03
   7.8030000e+03
   7.8090000e+03
   7.8190000e+03
   7.8270000e+03
   7.8430000e+03
   7.8600000e+03
   7.8960000e+03
   7.9080000e+03
   7.9330000e+03
   7.9440000e+03
   7.9540000e+03
   7.9640000e+03
   7.9760000e+03
   8.0180000e+03
   8.0980000e+03
   8.1040000e+03
   8.1180000e+03
   8.4040000e+03
   8.4110000e+03
   8.4360000e+03
   8.4450000e+03
   8.4580000e+03
   8.4730000e+03
   8.5330000e+03
   8.6450000e+03
   8.6560000e+03
   8.6640000e+03
   8.6750000e+03
   8.6810000e+03
   8.6950000e+03
   8.7230000e+03
   8.7760000e+03
   8.8860000e+03
   8.8980000e+03
   8.9050000e+03
   8.9200000e+03
   8.9270000e+03
   8.9410000e+03
   8.9520000e+03
   8.9660000e+03
   8.9860000e+03
   8.9980000e+03
   9.0090000e+03
   9.0200000e+03
   9.0310000e+03
   9.0620000e+03
   9.0860000e+03
   9.1050000e+03
   9.1180000e+03
   9.1510000e+03
   9.1660000e+03
   9.1790000e+03
   9.1870000e+03
   9.1970000e+03
   9.2440000e+03
   9.2930000e+03
   9.3050000e+03
   9.3730000e+03
   9.3770000e+03
   9.3920000e+03
   9.4310000e+03
   9.8190000e+03
   9.8410000e+03
   9.8510000e+03
   9.8680000e+03
   9.9040000e+03
   9.9290000e+03
   9.9370000e+03
   9.9520000e+03
   9.9580000e+03
   9.9740000e+03
