   1.2800000e+02
   1.4400000e+02
   1.5100000e+02
   1.6200000e+02
   1.6800000e+02
   1.7200000e+02
   1.7800000e+02
   1.8600000e+02
   1.9100000e+02
   1.9400000e+02
   2.0700000e+02
   2.1400000e+02
   2.2700000e+02
   2.4800000e+02
   3.8900000e+02
   4.0200000e+02
   4.2200000e+02
   4.3800000e+02
   4.4700000e+02
   4.5900000e+02
   4.6500000e+02
   4.7200000e+02
   4.8200000e+02
   5.0600000e+02
   5.2600000e+02
   5.4400000e+02
   5.5900000e+02
   5.6700000e+02
   5.8400000e+02
   6.2500000e+02
   7.0500000e+02
   8.6300000e+02
   8.7300000e+02
   8.8700000e+02
   8.9300000e+02
   9.0100000e+02
   9.0700000e+02
   9.1200000e+02
   9.1700000e+02
   9.2300000e+02
   9.3000000e+02
   9.3900000e+02
   9.5900000e+02
   9.7000000e+02
   1.1920000e+03
   1.2060000e+03
   1.2290000e+03
   1.2340000e+03
   1.2440000e+03
   1.2520000e+03
   1.2590000e+03
   1.2660000e+03
   1.2770000e+03
   1.2880000e+03
   1.3930000e+03
   1.4230000e+03
   1.4440000e+03
   1.4850000e+03
   1.5040000e+03
   1.5770000e+03
   1.5870000e+03
   1.9430000e+03
   1.9510000e+03
   1.9620000e+03
   1.9670000e+03
   1.9760000e+03
   1.9840000e+03
   1.9880000e+03
   1.9940000e+03
   1.9980000e+03
   2.0020000e+03
   2.0120000e+03
   2.0200000e+03
   2.0310000e+03
   2.0410000e+03
   2.0480000e+03
   2.0590000e+03
   2.0800000e+03
   2.0950000e+03
   2.1070000e+03
   2.1210000e+03
   2.1300000e+03
   2.1360000e+03
   2.1510000e+03
   2.1770000e+03
   2.1930000e+03
   2.2030000e+03
   2.2180000e+03
   2.2530000e+03
   2.2600000e+03
   2.2710000e+03
   2.2850000e+03
   2.3000000e+03
   2.3110000e+03
   2.3200000e+03
   2.3320000e+03
   2.3440000e+03
   2.3550000e+03
   2.3650000e+03
   2.3810000e+03
   2.3970000e+03
   2.4120000e+03
   2.4320000e+03
   2.4470000e+03
   2.5500000e+03
   2.5560000e+03
   2.5720000e+03
   2.6110000e+03
   2.6300000e+03
   2.6490000e+03
   2.6620000e+03
   2.6900000e+03
   2.7350000e+03
   2.7480000e+03
   2.7570000e+03
   2.7710000e+03
   2.7840000e+03
   2.7960000e+03
   2.8150000e+03
   2.8680000e+03
   2.9810000e+03
   3.0850000e+03
   3.0940000e+03
   3.1020000e+03
   3.1100000e+03
   3.1170000e+03
   3.1260000e+03
   3.1320000e+03
   3.1510000e+03
   3.1630000e+03
   3.1770000e+03
   3.2220000e+03
   3.2290000e+03
   3.2410000e+03
   3.2670000e+03
   3.2710000e+03
   3.2880000e+03
   3.3020000e+03
   3.3110000e+03
   3.3260000e+03
   3.3500000e+03
   3.3580000e+03
   3.3640000e+03
   3.3770000e+03
   3.3840000e+03
   3.3990000e+03
   3.4170000e+03
   3.4270000e+03
   3.4520000e+03
   3.4620000e+03
   3.4720000e+03
   3.4920000e+03
   3.5210000e+03
   3.5310000e+03
   3.5450000e+03
   3.8000000e+03
   3.8060000e+03
   3.8130000e+03
   3.8210000e+03
   3.8270000e+03
   3.8430000e+03
   3.8570000e+03
   3.8750000e+03
   3.9260000e+03
   3.9430000e+03
   4.0060000e+03
   4.0140000e+03
   4.0240000e+03
   4.0300000e+03
   4.0440000e+03
   4.0720000e+03
   4.0850000e+03
   4.1050000e+03
   4.1150000e+03
   4.1220000e+03
   4.1440000e+03
   4.1500000e+03
   4.1630000e+03
   4.2130000e+03
   4.2310000e+03
   4.2400000e+03
   4.2600000e+03
   4.2740000e+03
   4.2890000e+03
   4.3030000e+03
   4.4420000e+03
   4.4550000e+03
   4.4640000e+03
   4.4750000e+03
   4.4820000e+03
   4.4950000e+03
   4.5280000e+03
   4.5500000e+03
   4.5550000e+03
   4.5760000e+03
   4.6500000e+03
   4.6630000e+03
   4.6770000e+03
   4.7010000e+03
   4.7760000e+03
   4.7890000e+03
   4.8000000e+03
   4.8070000e+03
   4.8170000e+03
   4.8280000e+03
   4.8460000e+03
   4.8540000e+03
   4.8670000e+03
   4.8820000e+03
   4.8920000e+03
   4.9540000e+03
   5.1750000e+03
   5.1890000e+03
   5.2740000e+03
   5.2840000e+03
   5.2910000e+03
   5.2980000e+03
   5.3040000e+03
   5.3200000e+03
   5.3300000e+03
   5.4780000e+03
   5.4870000e+03
   5.4960000e+03
   5.5100000e+03
   5.5240000e+03
   5.5320000e+03
   5.5420000e+03
   5.5460000e+03
   5.5530000e+03
   5.5700000e+03
   5.5810000e+03
   5.6020000e+03
   5.6120000e+03
   5.6240000e+03
   5.6360000e+03
   5.6510000e+03
   5.6610000e+03
   5.6790000e+03
   5.6880000e+03
   5.6990000e+03
   5.7040000e+03
   5.7100000e+03
   5.7220000e+03
   5.9270000e+03
   6.0560000e+03
   6.0670000e+03
   6.1430000e+03
   6.1460000e+03
   6.1530000e+03
   6.3870000e+03
   6.4620000e+03
   6.4830000e+03
   6.4870000e+03
   6.4940000e+03
   6.5020000e+03
   6.5150000e+03
   6.5300000e+03
   6.5580000e+03
   6.7210000e+03
   6.7340000e+03
   6.7450000e+03
   6.7550000e+03
   6.7630000e+03
   6.7770000e+03
   6.7820000e+03
   6.7910000e+03
   6.7980000e+03
   6.8040000e+03
   6.8090000e+03
   6.8140000e+03
   6.8220000e+03
   6.8310000e+03
   6.8380000e+03
   6.8450000e+03
   6.8530000e+03
   6.8630000e+03
   6.8720000e+03
   6.8820000e+03
   6.8940000e+03
   6.9040000e+03
   6.9300000e+03
   6.9600000e+03
   7.0450000e+03
   7.0570000e+03
   7.0730000e+03
   7.0970000e+03
   7.1260000e+03
   7.1400000e+03
   7.1600000e+03
   7.1740000e+03
   7.1900000e+03
   7.2640000e+03
   7.2790000e+03
   7.2960000e+03
   7.3090000e+03
   7.3260000e+03
   7.3410000e+03
   7.3590000e+03
   7.3690000e+03
   7.3800000e+03
   7.3900000e+03
   7.4000000e+03
   7.4040000e+03
   7.4110000e+03
   7.4170000e+03
   7.4280000e+03
   7.4460000e+03
   7.4660000e+03
   7.4830000e+03
   7.4970000e+03
   7.5130000e+03
   7.5300000e+03
   7.5410000e+03
   7.5550000e+03
   7.5690000e+03
   7.5810000e+03
   7.5930000e+03
   7.6060000e+03
   7.6320000e+03
   7.6550000e+03
   7.6790000e+03
   7.6970000e+03
   7.7430000e+03
   7.7650000e+03
   7.7910000e+03
   7.8080000e+03
   7.8190000e+03
   7.8330000e+03
   7.8410000e+03
   7.8500000e+03
   7.8630000e+03
   7.8750000e+03
   7.8860000e+03
   7.8940000e+03
   7.9080000e+03
   7.9340000e+03
   7.9530000e+03
   7.9690000e+03
   7.9760000e+03
   7.9870000e+03
   8.0140000e+03
   8.0280000e+03
   8.0390000e+03
   8.0550000e+03
   8.0680000e+03
   8.1130000e+03
   8.1230000e+03
   8.1360000e+03
   8.1520000e+03
   8.1650000e+03
   8.1780000e+03
   8.1870000e+03
   8.2260000e+03
   8.2410000e+03
   8.2550000e+03
   8.2760000e+03
   8.2860000e+03
   8.2970000e+03
   8.3130000e+03
   8.3300000e+03
   8.3430000e+03
   8.3540000e+03
   8.3720000e+03
   8.4530000e+03
   8.4790000e+03
   8.5210000e+03
   8.5480000e+03
   8.5690000e+03
   8.5940000e+03
   8.6110000e+03
   8.6330000e+03
   8.6620000e+03
   8.6760000e+03
   8.6830000e+03
   8.6990000e+03
   8.7100000e+03
   8.7160000e+03
   8.7270000e+03
   8.7370000e+03
   8.7450000e+03
   8.7660000e+03
   8.7830000e+03
   8.7990000e+03
   8.8140000e+03
   8.8230000e+03
   8.8360000e+03
   8.8680000e+03
   8.8860000e+03
   8.9200000e+03
   8.9350000e+03
   8.9480000e+03
   8.9640000e+03
   8.9920000e+03
   9.0170000e+03
   9.0300000e+03
   9.0490000e+03
   9.0640000e+03
   9.0750000e+03
   9.0870000e+03
   9.0990000e+03
   9.1200000e+03
   9.1530000e+03
   9.2030000e+03
   9.2240000e+03
   9.2410000e+03
   9.2570000e+03
   9.2930000e+03
   9.6790000e+03
   9.6910000e+03
   9.7000000e+03
   9.7130000e+03
   9.7310000e+03
   9.7420000e+03
   9.7550000e+03
   9.7620000e+03
   9.7740000e+03
   9.7840000e+03
   9.7890000e+03
   9.7950000e+03
   9.8010000e+03
   9.8070000e+03
   9.8180000e+03
   9.8320000e+03
   9.8420000e+03
   9.8510000e+03
   9.8660000e+03
   9.8870000e+03
   9.9100000e+03
   9.9300000e+03
   1.0022000e+04
   1.0032000e+04
