   1.2200000e+02
   1.3200000e+02
   1.4000000e+02
   1.4400000e+02
   1.5300000e+02
   1.6000000e+02
   1.6600000e+02
   1.7200000e+02
   1.7800000e+02
   1.8100000e+02
   1.8700000e+02
   1.9500000e+02
   1.9800000e+02
   2.0800000e+02
   2.1400000e+02
   2.2400000e+02
   2.3500000e+02
   2.3700000e+02
   2.5100000e+02
   3.9500000e+02
   4.0500000e+02
   4.2200000e+02
   4.3500000e+02
   4.5400000e+02
   4.6700000e+02
   4.7200000e+02
   4.8700000e+02
   5.2300000e+02
   5.6100000e+02
   8.8200000e+02
   8.9000000e+02
   9.0300000e+02
   9.0600000e+02
   9.1500000e+02
   9.1800000e+02
   9.2600000e+02
   9.3300000e+02
   9.4400000e+02
   9.5600000e+02
   9.8600000e+02
   1.2150000e+03
   1.2330000e+03
   1.2380000e+03
   1.2460000e+03
   1.2520000e+03
   1.2680000e+03
   1.2910000e+03
   1.5720000e+03
   1.5960000e+03
   1.9530000e+03
   1.9670000e+03
   1.9810000e+03
   1.9950000e+03
   2.0000000e+03
   2.0110000e+03
   2.0170000e+03
   2.0260000e+03
   2.0350000e+03
   2.0460000e+03
   2.0620000e+03
   2.0770000e+03
   2.1020000e+03
   2.1130000e+03
   2.1220000e+03
   2.1340000e+03
   2.1870000e+03
   2.1960000e+03
   2.2070000e+03
   2.2310000e+03
   2.2810000e+03
   2.2900000e+03
   2.3000000e+03
   2.3070000e+03
   2.3190000e+03
   2.3250000e+03
   2.3410000e+03
   2.3470000e+03
   2.3580000e+03
   2.3700000e+03
   2.3750000e+03
   2.3930000e+03
   2.4070000e+03
   2.4300000e+03
   2.5640000e+03
   2.5830000e+03
   2.6390000e+03
   2.6580000e+03
   2.7470000e+03
   2.7820000e+03
   2.8030000e+03
   3.0940000e+03
   3.1020000e+03
   3.1190000e+03
   3.1260000e+03
   3.2320000e+03
   3.2770000e+03
   3.2930000e+03
   3.3000000e+03
   3.3130000e+03
   3.3330000e+03
   3.3560000e+03
   3.3640000e+03
   3.3850000e+03
   3.4090000e+03
   3.4330000e+03
   3.4420000e+03
   3.4500000e+03
   3.4650000e+03
   3.8040000e+03
   3.8110000e+03
   3.8190000e+03
   3.8360000e+03
   3.8560000e+03
   4.0140000e+03
   4.0200000e+03
   4.0260000e+03
   4.0470000e+03
   4.0580000e+03
   4.0780000e+03
   4.0960000e+03
   4.1090000e+03
   4.1200000e+03
   4.1300000e+03
   4.1410000e+03
   4.1510000e+03
   4.1610000e+03
   4.2240000e+03
   4.2450000e+03
   4.2650000e+03
   4.2810000e+03
   4.4460000e+03
   4.4590000e+03
   4.4700000e+03
   4.4870000e+03
   4.6420000e+03
   4.6570000e+03
   4.6700000e+03
   4.6830000e+03
   4.7890000e+03
   4.8060000e+03
   4.8170000e+03
   4.8330000e+03
   4.8480000e+03
   4.8620000e+03
   4.8750000e+03
   4.8820000e+03
   5.2850000e+03
   5.3410000e+03
   5.3460000e+03
   5.3540000e+03
   5.3630000e+03
   5.3780000e+03
   5.3860000e+03
   5.4030000e+03
   5.4090000e+03
   5.4160000e+03
   5.4330000e+03
   5.4510000e+03
   5.4850000e+03
   5.5040000e+03
   6.0030000e+03
   6.0150000e+03
   6.0370000e+03
   6.0480000e+03
   6.0540000e+03
   6.0620000e+03
   6.0750000e+03
   6.0870000e+03
   6.1170000e+03
   6.1290000e+03
   6.1410000e+03
   6.1470000e+03
   6.1570000e+03
   6.1660000e+03
   6.1820000e+03
   6.3780000e+03
   6.4170000e+03
   6.4280000e+03
   6.4390000e+03
   6.4610000e+03
   6.5020000e+03
   6.5220000e+03
   6.5640000e+03
   6.5890000e+03
   6.6100000e+03
   6.6280000e+03
   6.6410000e+03
   6.6900000e+03
   6.8590000e+03
   7.2710000e+03
   7.2960000e+03
   7.6510000e+03
   7.6600000e+03
   7.6770000e+03
   7.7150000e+03
   7.8730000e+03
   7.8860000e+03
   7.8920000e+03
   7.9030000e+03
   7.9160000e+03
   8.3100000e+03
   8.3150000e+03
   8.3260000e+03
   8.3350000e+03
   8.3460000e+03
   8.3580000e+03
   8.3660000e+03
   8.3810000e+03
   8.3930000e+03
   8.4030000e+03
   8.4090000e+03
   8.4190000e+03
   8.4250000e+03
   8.4320000e+03
   8.4390000e+03
   8.4430000e+03
   8.4450000e+03
   8.4650000e+03
   8.4830000e+03
   8.7580000e+03
   8.7740000e+03
   8.7840000e+03
   8.9730000e+03
   8.9970000e+03
   9.0310000e+03
   9.0620000e+03
   9.0770000e+03
   9.0930000e+03
   9.1010000e+03
   9.1060000e+03
   9.1140000e+03
   9.1210000e+03
   9.1270000e+03
   9.1350000e+03
   9.1410000e+03
   9.1460000e+03
   9.1580000e+03
   9.1660000e+03
   9.3790000e+03
