   1.5500000e+02
   1.6000000e+02
   1.6800000e+02
   1.7300000e+02
   1.9300000e+02
   2.0600000e+02
   2.2900000e+02
   3.9800000e+02
   4.1300000e+02
   4.2400000e+02
   4.4200000e+02
   4.5200000e+02
   4.6400000e+02
   4.7900000e+02
   4.9600000e+02
   5.1600000e+02
   5.5500000e+02
   5.7700000e+02
   6.0800000e+02
   7.0800000e+02
   8.8300000e+02
   9.0000000e+02
   9.0300000e+02
   9.0800000e+02
   9.1400000e+02
   9.2100000e+02
   9.2800000e+02
   9.3500000e+02
   9.5800000e+02
   1.2270000e+03
   1.2370000e+03
   1.2460000e+03
   1.2540000e+03
   1.2640000e+03
   1.2800000e+03
   1.3910000e+03
   1.4160000e+03
   1.4380000e+03
   1.4890000e+03
   1.5210000e+03
   1.5740000e+03
   1.5860000e+03
   1.9500000e+03
   1.9570000e+03
   1.9630000e+03
   1.9730000e+03
   1.9810000e+03
   1.9880000e+03
   1.9930000e+03
   1.9990000e+03
   2.0120000e+03
   2.0220000e+03
   2.0370000e+03
   2.0620000e+03
   2.0790000e+03
   2.0960000e+03
   2.1060000e+03
   2.1120000e+03
   2.1220000e+03
   2.1300000e+03
   2.1490000e+03
   2.1770000e+03
   2.1830000e+03
   2.1930000e+03
   2.2090000e+03
   2.2190000e+03
   2.2400000e+03
   2.2640000e+03
   2.2740000e+03
   2.2830000e+03
   2.3020000e+03
   2.3150000e+03
   2.3210000e+03
   2.3330000e+03
   2.3490000e+03
   2.3610000e+03
   2.3730000e+03
   2.3950000e+03
   2.4010000e+03
   2.4340000e+03
   2.5510000e+03
   2.5610000e+03
   2.5720000e+03
   2.6000000e+03
   2.6180000e+03
   2.6330000e+03
   2.6440000e+03
   2.6600000e+03
   2.6940000e+03
   2.7380000e+03
   2.7580000e+03
   2.7670000e+03
   2.7830000e+03
   2.8270000e+03
   2.8740000e+03
   2.9730000e+03
   3.0900000e+03
   3.0990000e+03
   3.1050000e+03
   3.1190000e+03
   3.1250000e+03
   3.1560000e+03
   3.1660000e+03
   3.2170000e+03
   3.2290000e+03
   3.2550000e+03
   3.2710000e+03
   3.2800000e+03
   3.2940000e+03
   3.3040000e+03
   3.3160000e+03
   3.3410000e+03
   3.3500000e+03
   3.3580000e+03
   3.3640000e+03
   3.3810000e+03
   3.3920000e+03
   3.4100000e+03
   3.4220000e+03
   3.4470000e+03
   3.5200000e+03
   3.5280000e+03
   3.5360000e+03
   3.8040000e+03
   3.8100000e+03
   3.8170000e+03
   3.8340000e+03
   3.8470000e+03
   3.8550000e+03
   3.8770000e+03
   3.9320000e+03
   4.0040000e+03
   4.0140000e+03
   4.0200000e+03
   4.0380000e+03
   4.0460000e+03
   4.0620000e+03
   4.0840000e+03
   4.1080000e+03
   4.1220000e+03
   4.1370000e+03
   4.1540000e+03
   4.2230000e+03
   4.2310000e+03
   4.2460000e+03
   4.2650000e+03
   4.2740000e+03
   4.2840000e+03
   4.2980000e+03
   4.4470000e+03
   4.4580000e+03
   4.4670000e+03
   4.4830000e+03
   4.4920000e+03
   4.5140000e+03
   4.5540000e+03
   4.5760000e+03
   4.6450000e+03
   4.6520000e+03
   4.6680000e+03
   4.6880000e+03
   4.7760000e+03
   4.7950000e+03
   4.8090000e+03
   4.8180000e+03
   4.8290000e+03
   4.8480000e+03
   4.8620000e+03
   4.8920000e+03
   4.9540000e+03
   5.0560000e+03
   5.0720000e+03
   5.1010000e+03
   5.1220000e+03
   5.1290000e+03
   5.1420000e+03
   5.1510000e+03
   5.1670000e+03
   5.1790000e+03
   5.1900000e+03
   5.1980000e+03
   5.2040000e+03
   5.2130000e+03
   5.2270000e+03
   5.2390000e+03
   5.2590000e+03
   5.2870000e+03
   5.2990000e+03
   5.3170000e+03
   5.3340000e+03
   5.3450000e+03
   5.3560000e+03
   5.3680000e+03
   5.3780000e+03
   5.3860000e+03
   5.3960000e+03
   5.4140000e+03
   5.4380000e+03
   5.4480000e+03
   5.4600000e+03
   5.4690000e+03
   5.4870000e+03
   5.4950000e+03
   5.5090000e+03
   5.5300000e+03
   5.5410000e+03
   5.6180000e+03
   5.6250000e+03
   5.6310000e+03
   5.7910000e+03
   5.8040000e+03
   5.8410000e+03
   5.8600000e+03
   5.8640000e+03
   5.8760000e+03
   5.8850000e+03
   5.9030000e+03
   5.9130000e+03
   5.9260000e+03
   5.9380000e+03
   5.9460000e+03
   5.9590000e+03
   5.9700000e+03
   5.9910000e+03
   6.0200000e+03
   6.0340000e+03
   6.0730000e+03
   6.0880000e+03
   6.1060000e+03
   6.1510000e+03
   6.2270000e+03
   6.2470000e+03
   6.2600000e+03
   6.2670000e+03
   6.2770000e+03
   6.2840000e+03
   6.3050000e+03
   6.3250000e+03
   6.3520000e+03
   6.3690000e+03
   6.3880000e+03
   6.4180000e+03
   6.4750000e+03
   6.4840000e+03
   6.5020000e+03
   6.5350000e+03
   6.5580000e+03
   6.5810000e+03
   6.5970000e+03
   6.6100000e+03
   6.6210000e+03
   6.6550000e+03
   6.6670000e+03
   6.6840000e+03
   6.7650000e+03
   6.7710000e+03
   7.1260000e+03
   7.1420000e+03
   7.1590000e+03
   7.1720000e+03
   7.1830000e+03
   7.1990000e+03
   7.2100000e+03
   7.2150000e+03
   7.2300000e+03
   7.2470000e+03
   7.2660000e+03
   7.2730000e+03
   7.3020000e+03
   7.3440000e+03
   7.3850000e+03
   7.4510000e+03
   7.4610000e+03
   7.4700000e+03
   7.4820000e+03
   7.4990000e+03
   7.5080000e+03
   7.5180000e+03
   7.5410000e+03
   7.5550000e+03
   7.5740000e+03
   7.5950000e+03
   7.6070000e+03
   7.6230000e+03
   7.6330000e+03
   7.6400000e+03
   7.6480000e+03
   7.6620000e+03
   7.6740000e+03
   7.6850000e+03
   7.7010000e+03
   7.7080000e+03
   7.7220000e+03
   7.7300000e+03
   7.7450000e+03
   7.7600000e+03
   7.7760000e+03
   7.7910000e+03
   7.8510000e+03
   7.8640000e+03
   8.0780000e+03
   8.0950000e+03
   8.1120000e+03
   8.1300000e+03
   8.1430000e+03
   8.1500000e+03
   8.2170000e+03
   8.2320000e+03
   8.2450000e+03
   8.2580000e+03
   8.3220000e+03
   8.3520000e+03
   8.3900000e+03
   8.4220000e+03
   8.4360000e+03
   8.4490000e+03
   8.4570000e+03
   8.4700000e+03
   8.5040000e+03
   8.5200000e+03
   8.5380000e+03
   8.5530000e+03
   8.5600000e+03
   8.5750000e+03
   8.5830000e+03
   8.6000000e+03
   8.6150000e+03
   8.6280000e+03
   8.9590000e+03
   9.0710000e+03
   9.0920000e+03
   9.1110000e+03
   9.1290000e+03
   9.1660000e+03
   9.4180000e+03
   9.4250000e+03
   9.4380000e+03
   9.6100000e+03
   9.6450000e+03
   9.6780000e+03
   9.6880000e+03
   9.6970000e+03
   9.7140000e+03
   9.7250000e+03
   9.7310000e+03
   9.7370000e+03
   9.7480000e+03
   9.7590000e+03
   9.7680000e+03
   9.7810000e+03
   9.7910000e+03
   9.7970000e+03
   9.8080000e+03
   9.8200000e+03
   9.8340000e+03
   9.8420000e+03
   9.8540000e+03
   9.8630000e+03
   9.8760000e+03
   9.8850000e+03
   9.9010000e+03
   9.9140000e+03
   9.9320000e+03
   9.9450000e+03
   9.9630000e+03
   9.9690000e+03
   9.9830000e+03
   9.9970000e+03
   1.0007000e+04
   1.0024000e+04
