   1.0000000e+02
   1.1700000e+02
   1.2800000e+02
   1.3600000e+02
   1.4700000e+02
   1.5700000e+02
   1.6200000e+02
   1.6800000e+02
   1.7300000e+02
   1.7700000e+02
   1.8300000e+02
   1.8500000e+02
   1.9200000e+02
   1.9700000e+02
   2.0500000e+02
   2.1000000e+02
   2.1500000e+02
   2.2500000e+02
   2.3900000e+02
   4.0800000e+02
   4.2500000e+02
   4.3400000e+02
   4.4800000e+02
   4.5900000e+02
   4.6300000e+02
   4.7200000e+02
   4.8200000e+02
   5.0000000e+02
   5.2200000e+02
   5.3600000e+02
   5.4900000e+02
   5.5900000e+02
   5.6800000e+02
   5.9000000e+02
   8.8600000e+02
   8.9100000e+02
   8.9800000e+02
   9.0600000e+02
   9.1100000e+02
   9.1600000e+02
   9.2000000e+02
   9.2700000e+02
   9.3300000e+02
   9.4600000e+02
   9.6100000e+02
   9.7500000e+02
   1.2090000e+03
   1.2240000e+03
   1.2340000e+03
   1.2450000e+03
   1.2530000e+03
   1.2580000e+03
   1.2660000e+03
   1.2720000e+03
   1.4170000e+03
   1.4460000e+03
   1.4790000e+03
   1.4880000e+03
   1.5750000e+03
   1.5860000e+03
   1.9510000e+03
   1.9580000e+03
   1.9710000e+03
   1.9820000e+03
   1.9870000e+03
   1.9940000e+03
   1.9990000e+03
   2.0040000e+03
   2.0130000e+03
   2.0220000e+03
   2.0310000e+03
   2.0470000e+03
   2.0590000e+03
   2.0720000e+03
   2.0920000e+03
   2.1100000e+03
   2.1230000e+03
   2.1320000e+03
   2.1480000e+03
   2.1630000e+03
   2.1800000e+03
   2.1870000e+03
   2.2030000e+03
   2.2140000e+03
   2.2550000e+03
   2.2680000e+03
   2.2790000e+03
   2.2910000e+03
   2.3030000e+03
   2.3110000e+03
   2.3220000e+03
   2.3330000e+03
   2.3400000e+03
   2.3480000e+03
   2.3610000e+03
   2.3670000e+03
   2.3990000e+03
   2.5500000e+03
   2.5600000e+03
   2.5710000e+03
   2.5890000e+03
   2.6070000e+03
   2.6240000e+03
   2.6400000e+03
   2.6560000e+03
   2.6690000e+03
   2.6850000e+03
   2.7420000e+03
   2.7520000e+03
   2.7700000e+03
   2.7770000e+03
   2.7870000e+03
   2.8940000e+03
   3.0900000e+03
   3.0950000e+03
   3.1020000e+03
   3.1130000e+03
   3.1240000e+03
   3.1530000e+03
   3.2210000e+03
   3.2390000e+03
   3.2480000e+03
   3.2620000e+03
   3.2760000e+03
   3.2800000e+03
   3.2820000e+03
   3.2920000e+03
   3.3040000e+03
   3.3230000e+03
   3.3490000e+03
   3.3580000e+03
   3.3750000e+03
   3.3790000e+03
   3.3860000e+03
   3.3970000e+03
   3.4100000e+03
   3.4190000e+03
   3.4390000e+03
   3.4520000e+03
   3.4630000e+03
   3.5460000e+03
   3.8010000e+03
   3.8090000e+03
   3.8180000e+03
   3.8330000e+03
   3.8430000e+03
   3.8620000e+03
   3.8740000e+03
   4.0130000e+03
   4.0210000e+03
   4.0310000e+03
   4.0470000e+03
   4.0650000e+03
   4.0820000e+03
   4.0960000e+03
   4.1110000e+03
   4.1190000e+03
   4.1330000e+03
   4.1450000e+03
   4.1570000e+03
   4.1690000e+03
   4.1760000e+03
   4.2210000e+03
   4.2350000e+03
   4.2540000e+03
   4.2690000e+03
   4.2820000e+03
   4.3090000e+03
   4.4450000e+03
   4.4520000e+03
   4.4610000e+03
   4.4720000e+03
   4.4830000e+03
   4.4980000e+03
   4.5180000e+03
   4.5350000e+03
   4.5460000e+03
   4.5680000e+03
   4.6550000e+03
   4.6720000e+03
   4.6920000e+03
   4.7580000e+03
   4.7840000e+03
   4.7920000e+03
   4.8070000e+03
   4.8140000e+03
   4.8240000e+03
   4.8260000e+03
   4.8320000e+03
   4.8520000e+03
   4.8620000e+03
   4.8710000e+03
   4.8810000e+03
   5.3220000e+03
   5.3280000e+03
   5.3360000e+03
   5.3510000e+03
   5.3810000e+03
   5.4040000e+03
   5.4350000e+03
   5.4480000e+03
   5.4700000e+03
   5.5580000e+03
   5.5790000e+03
   5.5920000e+03
   5.5980000e+03
   5.6080000e+03
   5.6250000e+03
   5.6420000e+03
   5.6520000e+03
   5.6530000e+03
   5.6930000e+03
   5.7230000e+03
   5.7320000e+03
   5.7420000e+03
   5.8940000e+03
   6.0960000e+03
   6.1120000e+03
   6.1270000e+03
   6.1410000e+03
   6.1510000e+03
   6.1600000e+03
   6.1690000e+03
   6.1770000e+03
   6.1860000e+03
   6.1920000e+03
   6.2000000e+03
   6.2080000e+03
   6.2140000e+03
   6.2220000e+03
   6.2240000e+03
   6.2270000e+03
   6.2320000e+03
   6.2400000e+03
   6.2440000e+03
   6.2520000e+03
   6.2580000e+03
   6.2650000e+03
   6.2710000e+03
   6.2720000e+03
   6.2800000e+03
   6.2890000e+03
   6.3100000e+03
   6.3230000e+03
   6.3690000e+03
   6.4180000e+03
   6.4320000e+03
   6.6640000e+03
   6.6710000e+03
   6.6830000e+03
   6.6890000e+03
   6.6970000e+03
   6.7040000e+03
   6.7110000e+03
   6.7390000e+03
   7.0250000e+03
   7.0470000e+03
   7.1780000e+03
   7.1850000e+03
   7.1960000e+03
   7.2030000e+03
   7.2100000e+03
   7.2160000e+03
   7.2240000e+03
   7.2350000e+03
   7.2480000e+03
   7.2580000e+03
   7.2710000e+03
   7.2840000e+03
   7.2900000e+03
   7.2990000e+03
   7.3100000e+03
   7.3270000e+03
   7.3370000e+03
   7.3420000e+03
   7.3550000e+03
   7.3620000e+03
   7.3740000e+03
   7.3900000e+03
   7.4320000e+03
   7.4420000e+03
   7.4490000e+03
   7.4590000e+03
   7.4710000e+03
   7.5270000e+03
   7.9390000e+03
   7.9500000e+03
   7.9770000e+03
   7.9900000e+03
   8.0030000e+03
   8.0190000e+03
   8.0360000e+03
   8.3180000e+03
   8.3450000e+03
   8.3570000e+03
   8.3660000e+03
   8.3810000e+03
   8.3910000e+03
   8.4080000e+03
   8.4170000e+03
   8.4250000e+03
   8.4350000e+03
   8.4460000e+03
   8.7850000e+03
   9.0040000e+03
   9.0200000e+03
   9.0290000e+03
   9.0380000e+03
   9.0460000e+03
   9.0540000e+03
   9.0670000e+03
   9.0900000e+03
   9.1070000e+03
   9.1170000e+03
   9.1390000e+03
   9.1700000e+03
   9.1920000e+03
   9.2080000e+03
   9.2270000e+03
   9.2370000e+03
   9.2460000e+03
   9.2570000e+03
   9.2690000e+03
   9.2850000e+03
   9.3030000e+03
   9.3170000e+03
   9.3260000e+03
   9.3390000e+03
   9.3560000e+03
   9.3960000e+03
   9.4050000e+03
   9.7440000e+03
   9.7910000e+03
   9.8210000e+03
   9.8610000e+03
   9.8810000e+03
   9.9770000e+03
   9.9900000e+03
   1.0016000e+04
