   1.3400000e+02
   1.4900000e+02
   1.5800000e+02
   1.6300000e+02
   1.7200000e+02
   1.8100000e+02
   1.8600000e+02
   1.9400000e+02
   2.0100000e+02
   2.0900000e+02
   2.1800000e+02
   2.3500000e+02
   3.8900000e+02
   3.9900000e+02
   4.1900000e+02
   4.3000000e+02
   4.3800000e+02
   4.5200000e+02
   4.6000000e+02
   4.6900000e+02
   4.8500000e+02
   5.1200000e+02
   5.3800000e+02
   5.5300000e+02
   5.6500000e+02
   5.7900000e+02
   7.3400000e+02
   8.5700000e+02
   8.6500000e+02
   8.7600000e+02
   8.8800000e+02
   9.0000000e+02
   9.0800000e+02
   9.1200000e+02
   9.1900000e+02
   9.2400000e+02
   9.3200000e+02
   9.4000000e+02
   9.6900000e+02
   9.9400000e+02
   1.1980000e+03
   1.2250000e+03
   1.2370000e+03
   1.2440000e+03
   1.2540000e+03
   1.2590000e+03
   1.2650000e+03
   1.2810000e+03
   1.3940000e+03
   1.4160000e+03
   1.4520000e+03
   1.4900000e+03
   1.5110000e+03
   1.5720000e+03
   1.5780000e+03
   1.5870000e+03
   1.9410000e+03
   1.9510000e+03
   1.9590000e+03
   1.9710000e+03
   1.9770000e+03
   1.9840000e+03
   1.9890000e+03
   1.9990000e+03
   2.0050000e+03
   2.0150000e+03
   2.0260000e+03
   2.0330000e+03
   2.0450000e+03
   2.0600000e+03
   2.0760000e+03
   2.1020000e+03
   2.1080000e+03
   2.1140000e+03
   2.1240000e+03
   2.1340000e+03
   2.1480000e+03
   2.1660000e+03
   2.1720000e+03
   2.1820000e+03
   2.1910000e+03
   2.2040000e+03
   2.2180000e+03
   2.2280000e+03
   2.2420000e+03
   2.2640000e+03
   2.2780000e+03
   2.2900000e+03
   2.3000000e+03
   2.3100000e+03
   2.3200000e+03
   2.3310000e+03
   2.3440000e+03
   2.3540000e+03
   2.3620000e+03
   2.3800000e+03
   2.4010000e+03
   2.4190000e+03
   2.5460000e+03
   2.5560000e+03
   2.5640000e+03
   2.5750000e+03
   2.6050000e+03
   2.6210000e+03
   2.6320000e+03
   2.6390000e+03
   2.6570000e+03
   2.6640000e+03
   2.6900000e+03
   2.7410000e+03
   2.7500000e+03
   2.7630000e+03
   2.7790000e+03
   2.7960000e+03
   2.8520000e+03
   2.8660000e+03
   2.8850000e+03
   2.9840000e+03
   3.0810000e+03
   3.0870000e+03
   3.0940000e+03
   3.1050000e+03
   3.1140000e+03
   3.1220000e+03
   3.1410000e+03
   3.1530000e+03
   3.1690000e+03
   3.2090000e+03
   3.2170000e+03
   3.2270000e+03
   3.2470000e+03
   3.2670000e+03
   3.2760000e+03
   3.2900000e+03
   3.3020000e+03
   3.3220000e+03
   3.3380000e+03
   3.3540000e+03
   3.3630000e+03
   3.3740000e+03
   3.3820000e+03
   3.3930000e+03
   3.3990000e+03
   3.4170000e+03
   3.4390000e+03
   3.4500000e+03
   3.4620000e+03
   3.4870000e+03
   3.5200000e+03
   3.5310000e+03
   3.5420000e+03
   3.5520000e+03
   3.5690000e+03
   3.7970000e+03
   3.8070000e+03
   3.8120000e+03
   3.8240000e+03
   3.8380000e+03
   3.8520000e+03
   3.8740000e+03
   3.9020000e+03
   3.9160000e+03
   3.9520000e+03
   4.0020000e+03
   4.0110000e+03
   4.0240000e+03
   4.0290000e+03
   4.0420000e+03
   4.0590000e+03
   4.0700000e+03
   4.0920000e+03
   4.1090000e+03
   4.1160000e+03
   4.1240000e+03
   4.1420000e+03
   4.1610000e+03
   4.2030000e+03
   4.2140000e+03
   4.2200000e+03
   4.2320000e+03
   4.2530000e+03
   4.2680000e+03
   4.2720000e+03
   4.2840000e+03
   4.2990000e+03
   4.3120000e+03
   4.4440000e+03
   4.4540000e+03
   4.4620000e+03
   4.4700000e+03
   4.4780000e+03
   4.4840000e+03
   4.4960000e+03
   4.5180000e+03
   4.5420000e+03
   4.5750000e+03
   4.6460000e+03
   4.6580000e+03
   4.6710000e+03
   4.6880000e+03
   4.7170000e+03
   4.7640000e+03
   4.7750000e+03
   4.7920000e+03
   4.8010000e+03
   4.8060000e+03
   4.8200000e+03
   4.8310000e+03
   4.8410000e+03
   4.8520000e+03
   4.8650000e+03
   4.8740000e+03
   4.8890000e+03
   5.0530000e+03
   5.0650000e+03
   5.0720000e+03
   5.0830000e+03
   5.0950000e+03
   5.1070000e+03
   5.1250000e+03
   5.1430000e+03
   5.1610000e+03
   5.1730000e+03
   5.1830000e+03
   5.1940000e+03
   5.2130000e+03
   5.2330000e+03
   5.2420000e+03
   5.2570000e+03
   5.2760000e+03
   5.2870000e+03
   5.3080000e+03
   5.3400000e+03
   5.3560000e+03
   5.4050000e+03
   5.4240000e+03
   5.4530000e+03
   5.4970000e+03
   5.5130000e+03
   5.7030000e+03
   5.7460000e+03
   5.7780000e+03
   5.8120000e+03
   5.8360000e+03
   5.8450000e+03
   5.8610000e+03
   5.8790000e+03
   5.8940000e+03
   5.9160000e+03
   6.3820000e+03
   6.4210000e+03
   6.4420000e+03
   6.4600000e+03
   6.4710000e+03
   6.4960000e+03
   6.5140000e+03
   6.5310000e+03
   6.5490000e+03
   6.5600000e+03
   6.5740000e+03
   6.5930000e+03
   6.6080000e+03
   6.6250000e+03
   6.6430000e+03
   6.6570000e+03
   6.6680000e+03
   6.6750000e+03
   6.6830000e+03
   6.6880000e+03
   6.6970000e+03
   6.7050000e+03
   6.7160000e+03
   6.7210000e+03
   6.7280000e+03
   6.7350000e+03
   6.7430000e+03
   6.7500000e+03
   6.7570000e+03
   6.7660000e+03
   6.7730000e+03
   6.7860000e+03
   6.7940000e+03
   6.8100000e+03
   6.8360000e+03
   6.8480000e+03
   6.8800000e+03
   6.8940000e+03
   6.9350000e+03
   6.9550000e+03
   7.0080000e+03
   7.0200000e+03
   7.0340000e+03
   7.2170000e+03
   7.2400000e+03
   7.6180000e+03
   7.6260000e+03
   7.6370000e+03
   7.6460000e+03
   7.6580000e+03
   7.6780000e+03
   7.6870000e+03
   7.6990000e+03
   7.7050000e+03
   7.7180000e+03
   7.7300000e+03
   7.7430000e+03
   7.7590000e+03
   7.7740000e+03
   7.7850000e+03
   7.8010000e+03
   7.8090000e+03
   7.8270000e+03
   7.8340000e+03
   7.8440000e+03
   7.8520000e+03
   7.8620000e+03
   7.8710000e+03
   7.8800000e+03
   7.8950000e+03
   7.9070000e+03
   7.9170000e+03
   7.9290000e+03
   7.9430000e+03
   7.9530000e+03
   7.9640000e+03
   7.9780000e+03
   7.9900000e+03
   8.0120000e+03
   8.0340000e+03
   8.0740000e+03
   8.0960000e+03
   8.1110000e+03
   8.1240000e+03
   8.1420000e+03
   8.1510000e+03
   8.1690000e+03
   8.1800000e+03
   8.2010000e+03
   8.2190000e+03
   8.2360000e+03
   8.2710000e+03
   8.2850000e+03
   8.3140000e+03
   8.3800000e+03
   8.4030000e+03
   8.4200000e+03
   8.4410000e+03
   8.4810000e+03
   8.5860000e+03
   8.5960000e+03
   8.6440000e+03
   8.6800000e+03
   8.6940000e+03
   8.7230000e+03
   9.2150000e+03
   9.2380000e+03
   9.2510000e+03
   9.2600000e+03
   9.2730000e+03
   9.2790000e+03
   9.2920000e+03
   9.3000000e+03
   9.3100000e+03
   9.3160000e+03
   9.3270000e+03
   9.3370000e+03
   9.3410000e+03
   9.3490000e+03
   9.3530000e+03
   9.3590000e+03
   9.3640000e+03
   9.3750000e+03
   9.3890000e+03
   9.4020000e+03
   9.4190000e+03
   9.4450000e+03
   9.4700000e+03
   9.4820000e+03
   9.5040000e+03
   9.5380000e+03
   9.5600000e+03
   9.5760000e+03
   9.5890000e+03
   9.6050000e+03
   9.6230000e+03
   9.6390000e+03
   9.6440000e+03
   9.6550000e+03
   9.6700000e+03
   9.6850000e+03
   9.6930000e+03
   9.7020000e+03
   9.7120000e+03
   9.7190000e+03
   9.7310000e+03
   9.7400000e+03
   9.7460000e+03
   9.7590000e+03
   9.7710000e+03
   9.7840000e+03
   9.7940000e+03
   9.8060000e+03
   9.8280000e+03
   9.8530000e+03
   9.8600000e+03
   9.8950000e+03
   9.9420000e+03
   1.0008000e+04
