   1.3700000e+02
   1.4700000e+02
   1.5600000e+02
   1.6400000e+02
   1.7000000e+02
   1.7700000e+02
   1.8000000e+02
   1.8900000e+02
   1.9200000e+02
   2.0200000e+02
   2.1200000e+02
   2.1800000e+02
   2.2600000e+02
   2.4400000e+02
   2.7300000e+02
   3.8700000e+02
   4.0100000e+02
   4.1300000e+02
   4.2700000e+02
   4.4000000e+02
   4.4900000e+02
   4.5300000e+02
   4.6300000e+02
   4.7000000e+02
   4.8000000e+02
   4.9600000e+02
   5.0900000e+02
   5.2400000e+02
   5.4000000e+02
   5.5000000e+02
   5.6200000e+02
   6.4600000e+02
   8.6900000e+02
   8.9900000e+02
   9.0500000e+02
   9.1100000e+02
   9.1700000e+02
   9.2300000e+02
   9.2600000e+02
   9.3800000e+02
   9.5100000e+02
   9.6100000e+02
   9.7200000e+02
   9.8900000e+02
   1.2510000e+03
   1.2680000e+03
   1.2740000e+03
   1.2990000e+03
   1.4350000e+03
   1.4730000e+03
   1.4930000e+03
   1.5680000e+03
   1.5720000e+03
   1.5840000e+03
   1.9430000e+03
   1.9560000e+03
   1.9710000e+03
   1.9800000e+03
   1.9850000e+03
   1.9940000e+03
   2.0000000e+03
   2.0090000e+03
   2.0160000e+03
   2.0330000e+03
   2.0390000e+03
   2.0470000e+03
   2.0690000e+03
   2.0890000e+03
   2.0970000e+03
   2.1050000e+03
   2.1120000e+03
   2.1230000e+03
   2.1300000e+03
   2.1510000e+03
   2.1640000e+03
   2.1770000e+03
   2.1880000e+03
   2.1990000e+03
   2.2060000e+03
   2.2230000e+03
   2.2340000e+03
   2.2480000e+03
   2.2590000e+03
   2.2700000e+03
   2.2810000e+03
   2.2940000e+03
   2.3070000e+03
   2.3180000e+03
   2.3350000e+03
   2.3460000e+03
   2.3610000e+03
   2.3710000e+03
   2.3880000e+03
   2.4030000e+03
   2.4200000e+03
   2.4410000e+03
   2.5490000e+03
   2.5570000e+03
   2.5690000e+03
   2.6090000e+03
   2.6300000e+03
   2.6370000e+03
   2.6500000e+03
   2.6580000e+03
   2.6780000e+03
   2.7470000e+03
   2.7540000e+03
   2.7670000e+03
   2.7740000e+03
   2.7860000e+03
   2.8250000e+03
   2.8750000e+03
   3.0950000e+03
   3.1010000e+03
   3.1130000e+03
   3.1230000e+03
   3.1450000e+03
   3.1560000e+03
   3.1880000e+03
   3.2130000e+03
   3.2210000e+03
   3.2410000e+03
   3.2680000e+03
   3.2750000e+03
   3.2800000e+03
   3.2930000e+03
   3.3030000e+03
   3.3200000e+03
   3.3530000e+03
   3.3640000e+03
   3.3730000e+03
   3.3830000e+03
   3.3960000e+03
   3.4020000e+03
   3.4280000e+03
   3.4370000e+03
   3.4480000e+03
   3.5250000e+03
   3.5330000e+03
   3.5450000e+03
   3.8040000e+03
   3.8130000e+03
   3.8290000e+03
   3.8440000e+03
   3.8520000e+03
   3.8600000e+03
   3.8950000e+03
   3.9160000e+03
   3.9990000e+03
   4.0080000e+03
   4.0200000e+03
   4.0290000e+03
   4.0510000e+03
   4.0710000e+03
   4.1140000e+03
   4.1170000e+03
   4.1350000e+03
   4.1420000e+03
   4.1630000e+03
   4.2160000e+03
   4.2290000e+03
   4.2550000e+03
   4.2660000e+03
   4.2770000e+03
   4.2810000e+03
   4.2970000e+03
   4.4500000e+03
   4.4640000e+03
   4.4700000e+03
   4.4880000e+03
   4.4990000e+03
   4.5110000e+03
   4.5440000e+03
   4.5570000e+03
   4.6440000e+03
   4.6540000e+03
   4.6640000e+03
   4.6730000e+03
   4.6870000e+03
   4.7420000e+03
   4.7890000e+03
   4.8010000e+03
   4.8160000e+03
   4.8360000e+03
   4.8480000e+03
   4.8660000e+03
   4.8810000e+03
   4.9080000e+03
   5.4120000e+03
   5.4450000e+03
   5.4560000e+03
   5.4770000e+03
   5.4860000e+03
   5.4920000e+03
   5.5030000e+03
   5.5150000e+03
   5.5250000e+03
   5.5390000e+03
   5.5460000e+03
   5.5520000e+03
   5.5680000e+03
   5.5810000e+03
   5.5890000e+03
   5.6010000e+03
   5.6080000e+03
   5.6190000e+03
   5.6270000e+03
   5.6370000e+03
   5.6460000e+03
   5.6590000e+03
   5.6840000e+03
   5.6970000e+03
   5.7240000e+03
   5.7290000e+03
   5.7450000e+03
   5.7550000e+03
   5.7700000e+03
   5.8060000e+03
   5.8170000e+03
   5.8250000e+03
   5.8420000e+03
   5.8570000e+03
   5.8850000e+03
   5.9040000e+03
   5.9250000e+03
   5.9500000e+03
   5.9690000e+03
   5.9840000e+03
   5.9940000e+03
   6.0230000e+03
   6.0450000e+03
   6.0550000e+03
   6.0700000e+03
   6.0790000e+03
   6.0930000e+03
   6.1050000e+03
   6.1290000e+03
   6.1640000e+03
   6.2180000e+03
   6.2410000e+03
   6.2600000e+03
   6.3320000e+03
   6.3410000e+03
   6.3520000e+03
   6.3930000e+03
   6.4100000e+03
   6.4210000e+03
   6.4380000e+03
   6.4510000e+03
   6.4670000e+03
   6.4900000e+03
   6.4980000e+03
   6.5150000e+03
   6.5480000e+03
   6.5630000e+03
   6.5890000e+03
   6.5990000e+03
   6.6070000e+03
   6.6320000e+03
   6.6780000e+03
   6.6950000e+03
   6.7080000e+03
   6.7490000e+03
   6.7720000e+03
   6.7880000e+03
   6.8050000e+03
   6.8220000e+03
   6.8390000e+03
   6.8590000e+03
   6.8720000e+03
   6.8860000e+03
   6.8950000e+03
   6.9040000e+03
   6.9180000e+03
   6.9300000e+03
   6.9400000e+03
   6.9440000e+03
   6.9570000e+03
   6.9650000e+03
   6.9780000e+03
   6.9960000e+03
   7.0070000e+03
   7.0230000e+03
   7.0550000e+03
   7.0770000e+03
   7.1000000e+03
   7.1200000e+03
   7.1310000e+03
   7.1530000e+03
   7.1660000e+03
   7.2330000e+03
   7.2570000e+03
   7.2690000e+03
   7.2970000e+03
   7.3310000e+03
   7.5270000e+03
   7.5500000e+03
   7.5590000e+03
   7.5730000e+03
   7.5850000e+03
   7.5940000e+03
   7.6030000e+03
   7.6110000e+03
   7.6210000e+03
   7.6370000e+03
   7.6430000e+03
   7.6560000e+03
   7.6800000e+03
   7.6900000e+03
   7.7050000e+03
   8.3070000e+03
   8.3250000e+03
   8.3410000e+03
   8.3470000e+03
   8.3620000e+03
   8.3670000e+03
   8.3770000e+03
   8.3870000e+03
   8.3960000e+03
   8.4290000e+03
   9.6590000e+03
   9.6730000e+03
   9.6900000e+03
   9.6970000e+03
   9.7060000e+03
   9.7210000e+03
   9.7280000e+03
   9.7370000e+03
   9.7480000e+03
   9.7550000e+03
   9.7600000e+03
   9.7710000e+03
   9.7770000e+03
   9.7840000e+03
   9.7910000e+03
   9.7980000e+03
   9.8070000e+03
   9.8110000e+03
   9.8200000e+03
   9.8290000e+03
   9.8360000e+03
   9.8510000e+03
   9.8650000e+03
   9.8940000e+03
   9.9100000e+03
   9.9190000e+03
   9.9340000e+03
   9.9500000e+03
