   1.3000000e+02
   1.4000000e+02
   1.5100000e+02
   1.5700000e+02
   1.5800000e+02
   1.7200000e+02
   1.7700000e+02
   1.8300000e+02
   1.8800000e+02
   1.9600000e+02
   2.0200000e+02
   2.1300000e+02
   2.2800000e+02
   3.9600000e+02
   4.0300000e+02
   4.1400000e+02
   4.2700000e+02
   4.3800000e+02
   4.4600000e+02
   4.5400000e+02
   4.6200000e+02
   4.6800000e+02
   4.7800000e+02
   4.9400000e+02
   5.2900000e+02
   5.4500000e+02
   5.5200000e+02
   5.6700000e+02
   8.7200000e+02
   8.8800000e+02
   8.9600000e+02
   9.0200000e+02
   9.0800000e+02
   9.1300000e+02
   9.2200000e+02
   9.2600000e+02
   9.3800000e+02
   9.5300000e+02
   9.6700000e+02
   1.2060000e+03
   1.2160000e+03
   1.2370000e+03
   1.2450000e+03
   1.2520000e+03
   1.2570000e+03
   1.2630000e+03
   1.2720000e+03
   1.2800000e+03
   1.4370000e+03
   1.4500000e+03
   1.4700000e+03
   1.4920000e+03
   1.5190000e+03
   1.5810000e+03
   1.5990000e+03
   1.9500000e+03
   1.9540000e+03
   1.9600000e+03
   1.9700000e+03
   1.9770000e+03
   1.9870000e+03
   1.9940000e+03
   1.9990000e+03
   2.0050000e+03
   2.0090000e+03
   2.0200000e+03
   2.0320000e+03
   2.0400000e+03
   2.0550000e+03
   2.0700000e+03
   2.0830000e+03
   2.1070000e+03
   2.1180000e+03
   2.1300000e+03
   2.1370000e+03
   2.1470000e+03
   2.1560000e+03
   2.1690000e+03
   2.1790000e+03
   2.1910000e+03
   2.2020000e+03
   2.2180000e+03
   2.2380000e+03
   2.2520000e+03
   2.2660000e+03
   2.2750000e+03
   2.2760000e+03
   2.2810000e+03
   2.2930000e+03
   2.3080000e+03
   2.3200000e+03
   2.3270000e+03
   2.3380000e+03
   2.3500000e+03
   2.3600000e+03
   2.3750000e+03
   2.4150000e+03
   2.4340000e+03
   2.5560000e+03
   2.5700000e+03
   2.6370000e+03
   2.6480000e+03
   2.6550000e+03
   2.6640000e+03
   2.6790000e+03
   2.6960000e+03
   2.7490000e+03
   2.7630000e+03
   2.7740000e+03
   2.7860000e+03
   2.7990000e+03
   2.8800000e+03
   3.0860000e+03
   3.0940000e+03
   3.1040000e+03
   3.1150000e+03
   3.1230000e+03
   3.1460000e+03
   3.1570000e+03
   3.1720000e+03
   3.1890000e+03
   3.2520000e+03
   3.2750000e+03
   3.2830000e+03
   3.3050000e+03
   3.3180000e+03
   3.3360000e+03
   3.3510000e+03
   3.3630000e+03
   3.3690000e+03
   3.3930000e+03
   3.4030000e+03
   3.4200000e+03
   3.4490000e+03
   3.4590000e+03
   3.5380000e+03
   3.5670000e+03
   3.8100000e+03
   3.8120000e+03
   3.8190000e+03
   3.8340000e+03
   3.8420000e+03
   3.8710000e+03
   3.9020000e+03
   3.9540000e+03
   4.0240000e+03
   4.0320000e+03
   4.0440000e+03
   4.0540000e+03
   4.0870000e+03
   4.1050000e+03
   4.1160000e+03
   4.1300000e+03
   4.1400000e+03
   4.1470000e+03
   4.1660000e+03
   4.2250000e+03
   4.2350000e+03
   4.2460000e+03
   4.2720000e+03
   4.2810000e+03
   4.2940000e+03
   4.3100000e+03
   4.4450000e+03
   4.4520000e+03
   4.4590000e+03
   4.4690000e+03
   4.4800000e+03
   4.4860000e+03
   4.5130000e+03
   4.5520000e+03
   4.6540000e+03
   4.6640000e+03
   4.6770000e+03
   4.7910000e+03
   4.8000000e+03
   4.8100000e+03
   4.8200000e+03
   4.8250000e+03
   4.8340000e+03
   4.8420000e+03
   4.8570000e+03
   4.8690000e+03
   4.8780000e+03
   5.0530000e+03
   5.0600000e+03
   5.0650000e+03
   5.0720000e+03
   5.0810000e+03
   5.0930000e+03
   5.0940000e+03
   5.1010000e+03
   5.1080000e+03
   5.1200000e+03
   5.1300000e+03
   5.1370000e+03
   5.1480000e+03
   5.1900000e+03
   5.2900000e+03
   5.3020000e+03
   5.3160000e+03
   5.3280000e+03
   5.3370000e+03
   5.3510000e+03
   5.3570000e+03
   5.3640000e+03
   5.3810000e+03
   5.3940000e+03
   5.4330000e+03
   5.4490000e+03
   5.4670000e+03
   5.4920000e+03
   5.5900000e+03
   5.6000000e+03
   5.6120000e+03
   5.6210000e+03
   5.7720000e+03
   5.7830000e+03
   5.8020000e+03
   5.8540000e+03
   5.8640000e+03
   6.0440000e+03
   6.0610000e+03
   6.0730000e+03
   6.0780000e+03
   6.0850000e+03
   6.0920000e+03
   6.1070000e+03
   6.1230000e+03
   6.1440000e+03
   6.2800000e+03
   6.4580000e+03
   6.5300000e+03
   6.5450000e+03
   6.5530000e+03
   6.5620000e+03
   6.5810000e+03
   6.6140000e+03
   6.6360000e+03
   7.0620000e+03
   7.0890000e+03
   7.1050000e+03
   7.4050000e+03
   7.4130000e+03
   7.4190000e+03
   7.4240000e+03
   7.4360000e+03
   7.4550000e+03
   7.4690000e+03
   7.4810000e+03
   7.4930000e+03
   7.4980000e+03
   7.5080000e+03
   7.5140000e+03
   7.5220000e+03
   7.5300000e+03
   7.5400000e+03
   7.5560000e+03
   7.7920000e+03
   7.8200000e+03
   7.8280000e+03
   7.8380000e+03
   7.8490000e+03
   7.8540000e+03
   7.8620000e+03
   7.8680000e+03
   7.8770000e+03
   7.8890000e+03
   7.9070000e+03
   8.1690000e+03
   8.1810000e+03
   8.2060000e+03
   8.2180000e+03
   8.2320000e+03
   8.2510000e+03
   8.2650000e+03
   8.2740000e+03
   8.2900000e+03
   8.2970000e+03
   8.3050000e+03
   8.3150000e+03
   8.3220000e+03
   8.3270000e+03
   8.3310000e+03
   8.3360000e+03
   8.3440000e+03
   8.3480000e+03
   8.3530000e+03
   8.3550000e+03
   8.3620000e+03
   8.3680000e+03
   8.3710000e+03
   8.3780000e+03
   8.3910000e+03
   8.3990000e+03
   8.4160000e+03
   8.4280000e+03
   8.4420000e+03
   8.4540000e+03
   8.4670000e+03
   8.5170000e+03
   8.5320000e+03
   8.5450000e+03
   8.5530000e+03
   8.5960000e+03
   8.6100000e+03
   8.6840000e+03
   8.7070000e+03
   8.7180000e+03
   8.7350000e+03
   8.7500000e+03
   8.7710000e+03
   8.7820000e+03
   8.7990000e+03
   8.8140000e+03
   8.8260000e+03
   8.8440000e+03
   8.9310000e+03
   8.9550000e+03
   9.0390000e+03
   9.0530000e+03
   9.0700000e+03
   9.0800000e+03
   9.0990000e+03
   9.1150000e+03
   9.1250000e+03
   9.1500000e+03
   9.3010000e+03
   9.4190000e+03
   9.4300000e+03
   9.4470000e+03
   9.5390000e+03
   9.5660000e+03
   9.5730000e+03
   9.5920000e+03
   9.6020000e+03
   9.6110000e+03
   9.6710000e+03
   9.6780000e+03
   9.6860000e+03
   9.9640000e+03
   9.9730000e+03
   9.9840000e+03
   9.9910000e+03
   9.9970000e+03
   1.0003000e+04
   1.0008000e+04
   1.0020000e+04
   1.0028000e+04
   1.0037000e+04
