   5.3000000e+01
   1.4600000e+02
   1.5600000e+02
   1.6300000e+02
   1.7000000e+02
   1.7400000e+02
   1.7800000e+02
   1.9200000e+02
   1.9700000e+02
   2.0400000e+02
   2.1100000e+02
   2.1600000e+02
   2.2600000e+02
   4.0000000e+02
   4.1300000e+02
   4.4100000e+02
   4.5000000e+02
   4.6200000e+02
   4.6800000e+02
   4.7800000e+02
   4.9600000e+02
   5.1900000e+02
   5.3100000e+02
   5.4800000e+02
   5.5500000e+02
   5.6600000e+02
   8.7700000e+02
   8.9000000e+02
   8.9900000e+02
   9.0600000e+02
   9.1100000e+02
   9.1500000e+02
   9.1900000e+02
   9.4400000e+02
   9.6100000e+02
   9.7800000e+02
   1.0010000e+03
   1.2260000e+03
   1.2360000e+03
   1.2440000e+03
   1.2500000e+03
   1.2590000e+03
   1.2650000e+03
   1.2720000e+03
   1.2810000e+03
   1.4650000e+03
   1.5790000e+03
   1.5980000e+03
   1.9510000e+03
   1.9610000e+03
   1.9760000e+03
   1.9830000e+03
   1.9900000e+03
   1.9970000e+03
   2.0020000e+03
   2.0090000e+03
   2.0190000e+03
   2.0250000e+03
   2.0340000e+03
   2.0450000e+03
   2.0560000e+03
   2.0640000e+03
   2.0850000e+03
   2.0990000e+03
   2.1180000e+03
   2.1230000e+03
   2.1360000e+03
   2.1450000e+03
   2.1620000e+03
   2.1890000e+03
   2.2060000e+03
   2.2650000e+03
   2.2690000e+03
   2.2850000e+03
   2.2940000e+03
   2.3090000e+03
   2.3190000e+03
   2.3380000e+03
   2.3530000e+03
   2.3650000e+03
   2.3740000e+03
   2.3890000e+03
   2.4090000e+03
   2.5680000e+03
   2.5850000e+03
   2.6040000e+03
   2.6180000e+03
   2.6330000e+03
   2.6500000e+03
   2.6640000e+03
   2.7490000e+03
   2.7600000e+03
   2.7810000e+03
   2.7990000e+03
   2.8890000e+03
   3.0940000e+03
   3.1030000e+03
   3.1140000e+03
   3.1270000e+03
   3.1340000e+03
   3.1560000e+03
   3.1660000e+03
   3.2230000e+03
   3.2400000e+03
   3.2460000e+03
   3.2880000e+03
   3.3050000e+03
   3.3170000e+03
   3.3250000e+03
   3.3560000e+03
   3.3610000e+03
   3.3710000e+03
   3.3820000e+03
   3.4020000e+03
   3.4170000e+03
   3.4340000e+03
   3.4420000e+03
   3.4540000e+03
   3.4740000e+03
   3.4890000e+03
   3.5320000e+03
   3.5440000e+03
   3.8110000e+03
   3.8200000e+03
   3.8320000e+03
   3.8500000e+03
   3.8630000e+03
   3.8850000e+03
   3.9370000e+03
   3.9510000e+03
   4.0040000e+03
   4.0130000e+03
   4.0430000e+03
   4.0560000e+03
   4.0700000e+03
   4.0830000e+03
   4.1120000e+03
   4.1180000e+03
   4.1430000e+03
   4.1740000e+03
   4.2290000e+03
   4.2370000e+03
   4.2730000e+03
   4.2820000e+03
   4.4460000e+03
   4.4540000e+03
   4.4670000e+03
   4.4840000e+03
   4.4920000e+03
   4.5120000e+03
   4.5370000e+03
   4.6860000e+03
   4.7130000e+03
   4.8000000e+03
   4.8080000e+03
   4.8170000e+03
   4.8290000e+03
   4.8400000e+03
   4.8590000e+03
   4.8710000e+03
   4.8840000e+03
   5.0570000e+03
   5.0640000e+03
   5.0750000e+03
   5.1000000e+03
   5.1160000e+03
   5.1420000e+03
   5.1620000e+03
   5.1740000e+03
   5.2300000e+03
   5.2880000e+03
   5.3870000e+03
   5.4750000e+03
   5.4890000e+03
   5.5030000e+03
   5.5160000e+03
   5.5240000e+03
   5.5350000e+03
   5.5410000e+03
   5.5490000e+03
   5.5570000e+03
   5.5670000e+03
   5.5750000e+03
   5.5840000e+03
   5.5920000e+03
   5.6040000e+03
   5.6340000e+03
   5.6530000e+03
   5.6730000e+03
   5.7040000e+03
   5.8130000e+03
   5.8350000e+03
   5.8450000e+03
   5.8530000e+03
   5.8640000e+03
   5.8700000e+03
   5.8770000e+03
   5.8840000e+03
   5.8990000e+03
   6.2090000e+03
   6.2190000e+03
   6.2310000e+03
   6.2380000e+03
   6.2610000e+03
   6.3580000e+03
   6.3810000e+03
   6.4230000e+03
   6.4480000e+03
   6.4620000e+03
   6.4720000e+03
   6.4930000e+03
   6.5070000e+03
   6.5500000e+03
   6.5650000e+03
   6.7670000e+03
   6.7780000e+03
   6.7980000e+03
   6.8090000e+03
   6.8190000e+03
   6.8260000e+03
   6.8360000e+03
   6.8480000e+03
   6.8710000e+03
   6.9130000e+03
   6.9290000e+03
   6.9400000e+03
   6.9520000e+03
   6.9720000e+03
   7.1750000e+03
   7.1810000e+03
   7.5650000e+03
   7.5890000e+03
   7.5950000e+03
   7.6040000e+03
   7.6290000e+03
   7.6510000e+03
   7.6620000e+03
   7.6720000e+03
   7.6920000e+03
   7.8590000e+03
   7.8680000e+03
   7.8760000e+03
   7.8910000e+03
   7.9170000e+03
   7.9250000e+03
   7.9360000e+03
   7.9430000e+03
   7.9540000e+03
   7.9630000e+03
   7.9890000e+03
   8.0060000e+03
   8.0210000e+03
   8.0960000e+03
   8.1130000e+03
   8.1300000e+03
   8.1480000e+03
   8.4290000e+03
   8.5340000e+03
   9.6710000e+03
   9.6800000e+03
   9.6960000e+03
   9.7130000e+03
   9.7210000e+03
   9.7340000e+03
   9.7560000e+03
   9.7670000e+03
   9.7730000e+03
   9.8010000e+03
   9.8200000e+03
   9.8330000e+03
   9.8430000e+03
   9.9320000e+03
   9.9520000e+03
   9.9670000e+03
   9.9780000e+03
   1.0000000e+04
   1.0013000e+04
   1.0021000e+04
