   1.1500000e+02
   1.4800000e+02
   1.5800000e+02
   1.6300000e+02
   1.6900000e+02
   1.7400000e+02
   1.8000000e+02
   1.8400000e+02
   1.8800000e+02
   1.9300000e+02
   1.9900000e+02
   2.0800000e+02
   2.1900000e+02
   2.3500000e+02
   2.4900000e+02
   3.9300000e+02
   3.9600000e+02
   4.0700000e+02
   4.1500000e+02
   4.2300000e+02
   4.3400000e+02
   4.4200000e+02
   4.5800000e+02
   4.6800000e+02
   4.7500000e+02
   4.8700000e+02
   4.9500000e+02
   5.2500000e+02
   5.4800000e+02
   5.7600000e+02
   8.7200000e+02
   8.9100000e+02
   8.9800000e+02
   9.0600000e+02
   9.1100000e+02
   9.1700000e+02
   9.2400000e+02
   9.3400000e+02
   9.4400000e+02
   9.5700000e+02
   9.6800000e+02
   9.8900000e+02
   1.2150000e+03
   1.2340000e+03
   1.2460000e+03
   1.2530000e+03
   1.2620000e+03
   1.2750000e+03
   1.2930000e+03
   1.3730000e+03
   1.3870000e+03
   1.4230000e+03
   1.4430000e+03
   1.4560000e+03
   1.4740000e+03
   1.4920000e+03
   1.5200000e+03
   1.5740000e+03
   1.5910000e+03
   1.9450000e+03
   1.9580000e+03
   1.9680000e+03
   1.9750000e+03
   1.9870000e+03
   1.9960000e+03
   2.0090000e+03
   2.0130000e+03
   2.0220000e+03
   2.0310000e+03
   2.0420000e+03
   2.0530000e+03
   2.0720000e+03
   2.0930000e+03
   2.1050000e+03
   2.1120000e+03
   2.1180000e+03
   2.1210000e+03
   2.1350000e+03
   2.1390000e+03
   2.1570000e+03
   2.1700000e+03
   2.1800000e+03
   2.1900000e+03
   2.1960000e+03
   2.2070000e+03
   2.2180000e+03
   2.2270000e+03
   2.2430000e+03
   2.2560000e+03
   2.2740000e+03
   2.2880000e+03
   2.2990000e+03
   2.3080000e+03
   2.3200000e+03
   2.3330000e+03
   2.3480000e+03
   2.3550000e+03
   2.3660000e+03
   2.3790000e+03
   2.3900000e+03
   2.4090000e+03
   2.4290000e+03
   2.5480000e+03
   2.5540000e+03
   2.5830000e+03
   2.6090000e+03
   2.6350000e+03
   2.6480000e+03
   2.6620000e+03
   2.6800000e+03
   2.7380000e+03
   2.7490000e+03
   2.7640000e+03
   2.7770000e+03
   2.8270000e+03
   2.8660000e+03
   2.9580000e+03
   3.0830000e+03
   3.0990000e+03
   3.1180000e+03
   3.1260000e+03
   3.1400000e+03
   3.1550000e+03
   3.1680000e+03
   3.1830000e+03
   3.2130000e+03
   3.2260000e+03
   3.2420000e+03
   3.2620000e+03
   3.2720000e+03
   3.2830000e+03
   3.2970000e+03
   3.3130000e+03
   3.3270000e+03
   3.3400000e+03
   3.3510000e+03
   3.3580000e+03
   3.3660000e+03
   3.3750000e+03
   3.3800000e+03
   3.3950000e+03
   3.4120000e+03
   3.4350000e+03
   3.4520000e+03
   3.4630000e+03
   3.4830000e+03
   3.5170000e+03
   3.5340000e+03
   3.5430000e+03
   3.5490000e+03
   3.7980000e+03
   3.8050000e+03
   3.8120000e+03
   3.8220000e+03
   3.8420000e+03
   3.8570000e+03
   3.8670000e+03
   3.8820000e+03
   3.9020000e+03
   3.9500000e+03
   3.9730000e+03
   4.0100000e+03
   4.0140000e+03
   4.0220000e+03
   4.0390000e+03
   4.0560000e+03
   4.0700000e+03
   4.0920000e+03
   4.1030000e+03
   4.1150000e+03
   4.1230000e+03
   4.1370000e+03
   4.1490000e+03
   4.1680000e+03
   4.1840000e+03
   4.2190000e+03
   4.2270000e+03
   4.2440000e+03
   4.2620000e+03
   4.2720000e+03
   4.2790000e+03
   4.2940000e+03
   4.4490000e+03
   4.4560000e+03
   4.4660000e+03
   4.4780000e+03
   4.4960000e+03
   4.5230000e+03
   4.5390000e+03
   4.5540000e+03
   4.6000000e+03
   4.6540000e+03
   4.6640000e+03
   4.6750000e+03
   4.6850000e+03
   4.7890000e+03
   4.7950000e+03
   4.8060000e+03
   4.8210000e+03
   4.8300000e+03
   4.8480000e+03
   4.8660000e+03
   4.8810000e+03
   4.8950000e+03
   4.9660000e+03
   5.3480000e+03
   5.3840000e+03
   5.4160000e+03
   5.4360000e+03
   5.4690000e+03
   5.9120000e+03
   5.9200000e+03
   5.9470000e+03
   5.9710000e+03
   5.9810000e+03
   5.9950000e+03
   6.0050000e+03
   6.0270000e+03
   6.0380000e+03
   6.0470000e+03
   6.0660000e+03
   6.0700000e+03
   6.0800000e+03
   6.0840000e+03
   6.0900000e+03
   6.0990000e+03
   6.1060000e+03
   6.1100000e+03
   6.1160000e+03
   6.1270000e+03
   6.1350000e+03
   6.1420000e+03
   6.1470000e+03
   6.1570000e+03
   6.1620000e+03
   6.1750000e+03
   6.1820000e+03
   6.1920000e+03
   6.2130000e+03
   6.2260000e+03
   6.2320000e+03
   6.2520000e+03
   6.2740000e+03
   6.2880000e+03
   6.2980000e+03
   6.3110000e+03
   6.3360000e+03
   6.3440000e+03
   6.3570000e+03
   6.3750000e+03
   6.4010000e+03
   6.4150000e+03
   6.4320000e+03
   6.4780000e+03
   6.4900000e+03
   6.5060000e+03
   6.5210000e+03
   6.5370000e+03
   6.5610000e+03
   6.5890000e+03
   6.6090000e+03
   6.6240000e+03
   6.6390000e+03
   6.6500000e+03
   6.6700000e+03
   6.6970000e+03
   6.7200000e+03
   6.7570000e+03
   6.8710000e+03
   6.9020000e+03
   6.9260000e+03
   6.9410000e+03
   6.9610000e+03
   6.9780000e+03
   6.9970000e+03
   7.0170000e+03
   7.0230000e+03
   7.0450000e+03
   7.0540000e+03
   7.0690000e+03
   7.1040000e+03
   7.1170000e+03
   7.1310000e+03
   7.1450000e+03
   7.1950000e+03
   7.2190000e+03
   7.2430000e+03
   7.2720000e+03
   7.3110000e+03
   7.3330000e+03
   7.3480000e+03
   7.3760000e+03
   7.3930000e+03
   7.4060000e+03
   7.4190000e+03
   7.4500000e+03
   7.4560000e+03
   7.4690000e+03
   7.4780000e+03
   7.4890000e+03
   7.5070000e+03
   7.5200000e+03
   7.5310000e+03
   7.5420000e+03
   7.5600000e+03
   7.5750000e+03
   7.5880000e+03
   7.5960000e+03
   7.6130000e+03
   7.6230000e+03
   7.6450000e+03
   7.6640000e+03
   7.6900000e+03
   7.7210000e+03
   7.8290000e+03
   7.8690000e+03
   7.8890000e+03
   7.9110000e+03
   7.9300000e+03
   7.9570000e+03
   7.9640000e+03
   7.9730000e+03
   7.9850000e+03
   7.9960000e+03
   8.0090000e+03
   8.0230000e+03
   8.0320000e+03
   8.0450000e+03
   8.0560000e+03
   8.0660000e+03
   8.0820000e+03
   8.0970000e+03
   8.1210000e+03
   8.1490000e+03
   8.1640000e+03
   8.2010000e+03
   8.2300000e+03
   8.2450000e+03
   8.2710000e+03
   8.5560000e+03
   8.5620000e+03
   8.5880000e+03
   8.6330000e+03
   8.6570000e+03
   8.6800000e+03
   8.6870000e+03
   8.6970000e+03
   8.7220000e+03
   8.7310000e+03
   8.7440000e+03
   8.7480000e+03
   8.7660000e+03
   8.7780000e+03
   8.7960000e+03
   8.8760000e+03
   8.8910000e+03
   8.9110000e+03
   8.9400000e+03
   9.4130000e+03
   9.4280000e+03
   9.4370000e+03
   9.4450000e+03
   9.4540000e+03
   9.4620000e+03
   9.4710000e+03
   9.4870000e+03
   9.4960000e+03
   9.5080000e+03
   9.5230000e+03
   9.5310000e+03
   9.5440000e+03
   9.8480000e+03
   9.8670000e+03
   9.8770000e+03
   9.8960000e+03
   9.9150000e+03
