   5.4000000e+01
   7.7000000e+01
   8.9000000e+01
   1.1200000e+02
   1.2400000e+02
   1.3700000e+02
   1.5400000e+02
   1.6000000e+02
   1.6900000e+02
   1.7200000e+02
   1.7800000e+02
   1.8100000e+02
   1.8700000e+02
   1.9200000e+02
   1.9500000e+02
   2.0500000e+02
   2.1000000e+02
   2.1500000e+02
   2.2200000e+02
   2.4700000e+02
   3.9200000e+02
   3.9700000e+02
   4.0400000e+02
   4.2100000e+02
   4.2800000e+02
   4.3700000e+02
   4.5200000e+02
   4.5400000e+02
   4.6300000e+02
   4.7300000e+02
   4.9100000e+02
   5.2200000e+02
   5.3500000e+02
   5.5600000e+02
   5.6800000e+02
   6.3900000e+02
   7.0100000e+02
   8.8600000e+02
   8.9600000e+02
   9.0300000e+02
   9.0900000e+02
   9.1600000e+02
   9.2100000e+02
   9.2800000e+02
   9.3800000e+02
   9.4700000e+02
   9.5400000e+02
   9.8200000e+02
   1.2000000e+03
   1.2300000e+03
   1.2450000e+03
   1.2530000e+03
   1.2640000e+03
   1.2710000e+03
   1.2940000e+03
   1.3820000e+03
   1.3900000e+03
   1.4240000e+03
   1.4680000e+03
   1.4830000e+03
   1.5120000e+03
   1.5650000e+03
   1.5710000e+03
   1.5770000e+03
   1.5910000e+03
   1.9150000e+03
   1.9430000e+03
   1.9620000e+03
   1.9730000e+03
   1.9770000e+03
   1.9870000e+03
   1.9910000e+03
   1.9960000e+03
   2.0030000e+03
   2.0090000e+03
   2.0190000e+03
   2.0290000e+03
   2.0340000e+03
   2.0460000e+03
   2.0570000e+03
   2.0690000e+03
   2.0870000e+03
   2.0990000e+03
   2.1050000e+03
   2.1100000e+03
   2.1210000e+03
   2.1350000e+03
   2.1420000e+03
   2.1570000e+03
   2.1720000e+03
   2.1860000e+03
   2.1920000e+03
   2.1990000e+03
   2.2090000e+03
   2.2390000e+03
   2.2500000e+03
   2.2630000e+03
   2.2750000e+03
   2.2850000e+03
   2.2930000e+03
   2.3070000e+03
   2.3150000e+03
   2.3260000e+03
   2.3370000e+03
   2.3490000e+03
   2.3600000e+03
   2.3730000e+03
   2.3960000e+03
   2.4140000e+03
   2.5560000e+03
   2.5630000e+03
   2.5710000e+03
   2.5810000e+03
   2.6220000e+03
   2.6310000e+03
   2.6410000e+03
   2.6580000e+03
   2.6660000e+03
   2.7450000e+03
   2.7550000e+03
   2.7690000e+03
   2.7880000e+03
   2.7980000e+03
   2.8230000e+03
   2.8640000e+03
   2.8690000e+03
   2.8840000e+03
   2.9700000e+03
   3.0860000e+03
   3.0970000e+03
   3.1130000e+03
   3.1210000e+03
   3.1310000e+03
   3.1450000e+03
   3.1670000e+03
   3.1830000e+03
   3.2000000e+03
   3.2160000e+03
   3.2270000e+03
   3.2480000e+03
   3.2650000e+03
   3.2780000e+03
   3.2910000e+03
   3.3030000e+03
   3.3260000e+03
   3.3450000e+03
   3.3590000e+03
   3.3640000e+03
   3.3730000e+03
   3.3840000e+03
   3.3930000e+03
   3.4070000e+03
   3.4400000e+03
   3.4530000e+03
   3.5170000e+03
   3.5290000e+03
   3.5390000e+03
   3.5560000e+03
   3.5870000e+03
   3.8080000e+03
   3.8190000e+03
   3.8290000e+03
   3.8440000e+03
   3.8550000e+03
   3.8650000e+03
   3.8790000e+03
   3.9050000e+03
   3.9390000e+03
   3.9480000e+03
   4.0030000e+03
   4.0090000e+03
   4.0250000e+03
   4.0470000e+03
   4.0590000e+03
   4.0700000e+03
   4.0840000e+03
   4.0970000e+03
   4.1080000e+03
   4.1170000e+03
   4.1260000e+03
   4.1340000e+03
   4.1490000e+03
   4.1690000e+03
   4.2220000e+03
   4.2280000e+03
   4.2440000e+03
   4.2550000e+03
   4.2710000e+03
   4.2780000e+03
   4.2950000e+03
   4.3110000e+03
   4.4450000e+03
   4.4510000e+03
   4.4650000e+03
   4.4780000e+03
   4.4900000e+03
   4.5040000e+03
   4.5330000e+03
   4.5490000e+03
   4.5670000e+03
   4.6370000e+03
   4.6460000e+03
   4.6570000e+03
   4.6710000e+03
   4.6840000e+03
   4.7420000e+03
   4.7740000e+03
   4.7840000e+03
   4.7940000e+03
   4.8160000e+03
   4.8270000e+03
   4.8390000e+03
   4.8580000e+03
   4.8670000e+03
   4.8780000e+03
   4.8900000e+03
   5.1580000e+03
   5.1710000e+03
   5.9200000e+03
   5.9670000e+03
   6.0030000e+03
   6.0110000e+03
   6.1910000e+03
   6.2070000e+03
   6.2310000e+03
   6.3260000e+03
   6.3510000e+03
   6.4010000e+03
   6.4220000e+03
   6.4440000e+03
   6.4550000e+03
   6.4780000e+03
   6.4900000e+03
   6.4980000e+03
   6.5070000e+03
   6.5220000e+03
   6.5290000e+03
   6.5410000e+03
   6.5500000e+03
   6.5640000e+03
   6.5750000e+03
   6.5860000e+03
   6.5900000e+03
   6.6010000e+03
   6.6090000e+03
   6.6160000e+03
   6.6270000e+03
   6.6420000e+03
   6.6620000e+03
   6.6910000e+03
   6.7390000e+03
   6.7580000e+03
   6.8220000e+03
   6.8290000e+03
   6.8490000e+03
   6.8640000e+03
   6.8840000e+03
   6.8940000e+03
   6.9100000e+03
   6.9180000e+03
   6.9340000e+03
   6.9520000e+03
   6.9650000e+03
   6.9740000e+03
   6.9860000e+03
   7.0040000e+03
   7.0110000e+03
   7.0310000e+03
   7.0450000e+03
   7.0730000e+03
   7.0880000e+03
   7.0970000e+03
   7.1100000e+03
   7.1220000e+03
   7.1290000e+03
   7.1380000e+03
   7.1700000e+03
   7.2050000e+03
   7.2290000e+03
   7.2400000e+03
   7.2550000e+03
   7.2730000e+03
   7.2860000e+03
   7.3110000e+03
   7.3710000e+03
   7.4020000e+03
   7.4260000e+03
   7.4400000e+03
   7.4510000e+03
   7.4650000e+03
   7.4820000e+03
   7.4930000e+03
   7.5200000e+03
   7.5360000e+03
   7.5660000e+03
   7.5840000e+03
   7.6060000e+03
   7.7650000e+03
   7.7810000e+03
   7.7960000e+03
   7.8000000e+03
   7.8150000e+03
   7.8270000e+03
   7.8360000e+03
   7.8480000e+03
   7.8540000e+03
   7.8660000e+03
   7.8730000e+03
   7.8790000e+03
   7.8840000e+03
   7.8960000e+03
   7.9060000e+03
   7.9190000e+03
   7.9410000e+03
   7.9580000e+03
   7.9720000e+03
   8.0080000e+03
   8.0400000e+03
   8.0540000e+03
   8.0620000e+03
   8.0770000e+03
   8.0910000e+03
   8.1050000e+03
   8.1230000e+03
   8.1350000e+03
   8.1570000e+03
   8.1760000e+03
   8.2000000e+03
   8.2430000e+03
   8.2550000e+03
   8.2730000e+03
   8.2900000e+03
   8.4160000e+03
   8.4910000e+03
   8.5470000e+03
   8.5650000e+03
   8.5880000e+03
   8.6020000e+03
   8.6120000e+03
   8.6430000e+03
   8.6970000e+03
   8.7170000e+03
   8.7420000e+03
   8.7750000e+03
   8.8440000e+03
   8.8890000e+03
   8.9340000e+03
   8.9420000e+03
   8.9550000e+03
   8.9710000e+03
   8.9910000e+03
   8.9990000e+03
   9.0030000e+03
   9.0140000e+03
   9.0270000e+03
   9.0380000e+03
   9.0480000e+03
   9.0610000e+03
   9.0730000e+03
   9.0910000e+03
   9.0980000e+03
   9.1140000e+03
   9.1270000e+03
   9.1480000e+03
   9.1660000e+03
   9.1760000e+03
   9.1940000e+03
   9.2200000e+03
   9.2440000e+03
   9.2600000e+03
   9.2700000e+03
   9.2830000e+03
   9.2970000e+03
   9.3060000e+03
   9.3260000e+03
   9.3400000e+03
   9.3620000e+03
   9.3720000e+03
   9.9550000e+03
   9.9690000e+03
   9.9940000e+03
   9.9980000e+03
   1.0015000e+04
   1.0032000e+04
