   1.2600000e+02
   1.4600000e+02
   1.5000000e+02
   1.6000000e+02
   1.6900000e+02
   1.7300000e+02
   1.8200000e+02
   1.8700000e+02
   1.9200000e+02
   1.9800000e+02
   2.0500000e+02
   2.2000000e+02
   2.3100000e+02
   2.6500000e+02
   3.8800000e+02
   3.9600000e+02
   4.1200000e+02
   4.2900000e+02
   4.3700000e+02
   4.4800000e+02
   4.6100000e+02
   4.6600000e+02
   4.7900000e+02
   5.0300000e+02
   5.3700000e+02
   5.5000000e+02
   5.6300000e+02
   5.8700000e+02
   6.2600000e+02
   7.0600000e+02
   8.5900000e+02
   8.6500000e+02
   8.8100000e+02
   8.9100000e+02
   8.9700000e+02
   9.0300000e+02
   9.1200000e+02
   9.1600000e+02
   9.2400000e+02
   9.3100000e+02
   9.3700000e+02
   9.4800000e+02
   9.6200000e+02
   1.1960000e+03
   1.2070000e+03
   1.2230000e+03
   1.2340000e+03
   1.2420000e+03
   1.2510000e+03
   1.2570000e+03
   1.2650000e+03
   1.2760000e+03
   1.3830000e+03
   1.4070000e+03
   1.4290000e+03
   1.4640000e+03
   1.4920000e+03
   1.5060000e+03
   1.5770000e+03
   1.5840000e+03
   1.6070000e+03
   1.9380000e+03
   1.9530000e+03
   1.9600000e+03
   1.9720000e+03
   1.9800000e+03
   1.9840000e+03
   1.9890000e+03
   1.9960000e+03
   2.0020000e+03
   2.0140000e+03
   2.0230000e+03
   2.0350000e+03
   2.0430000e+03
   2.0600000e+03
   2.0690000e+03
   2.0900000e+03
   2.1020000e+03
   2.1080000e+03
   2.1180000e+03
   2.1230000e+03
   2.1320000e+03
   2.1480000e+03
   2.1690000e+03
   2.1820000e+03
   2.1880000e+03
   2.2070000e+03
   2.2230000e+03
   2.2460000e+03
   2.2630000e+03
   2.2750000e+03
   2.2890000e+03
   2.2980000e+03
   2.3100000e+03
   2.3150000e+03
   2.3210000e+03
   2.3300000e+03
   2.3360000e+03
   2.3540000e+03
   2.3640000e+03
   2.3820000e+03
   2.3990000e+03
   2.4120000e+03
   2.4360000e+03
   2.5490000e+03
   2.5580000e+03
   2.5710000e+03
   2.5860000e+03
   2.6040000e+03
   2.6150000e+03
   2.6340000e+03
   2.6470000e+03
   2.6650000e+03
   2.7250000e+03
   2.7410000e+03
   2.7510000e+03
   2.7570000e+03
   2.7710000e+03
   2.7830000e+03
   2.7940000e+03
   2.8160000e+03
   2.8320000e+03
   2.8660000e+03
   2.8820000e+03
   2.9720000e+03
   3.0810000e+03
   3.0910000e+03
   3.0960000e+03
   3.1090000e+03
   3.1200000e+03
   3.1250000e+03
   3.1350000e+03
   3.1500000e+03
   3.1730000e+03
   3.1870000e+03
   3.2110000e+03
   3.2230000e+03
   3.2410000e+03
   3.2600000e+03
   3.2750000e+03
   3.2880000e+03
   3.3090000e+03
   3.3200000e+03
   3.3310000e+03
   3.3460000e+03
   3.3530000e+03
   3.3660000e+03
   3.3780000e+03
   3.3850000e+03
   3.3970000e+03
   3.4070000e+03
   3.4300000e+03
   3.4390000e+03
   3.4560000e+03
   3.4770000e+03
   3.4940000e+03
   3.5160000e+03
   3.5220000e+03
   3.5350000e+03
   3.5470000e+03
   3.5600000e+03
   3.7960000e+03
   3.8030000e+03
   3.8090000e+03
   3.8130000e+03
   3.8240000e+03
   3.8310000e+03
   3.8420000e+03
   3.8530000e+03
   3.8740000e+03
   3.8920000e+03
   3.9080000e+03
   3.9270000e+03
   3.9410000e+03
   3.9570000e+03
   4.0120000e+03
   4.0170000e+03
   4.0290000e+03
   4.0410000e+03
   4.0640000e+03
   4.0880000e+03
   4.0990000e+03
   4.1090000e+03
   4.1170000e+03
   4.1340000e+03
   4.1430000e+03
   4.1620000e+03
   4.1910000e+03
   4.2100000e+03
   4.2200000e+03
   4.2280000e+03
   4.2390000e+03
   4.2540000e+03
   4.2740000e+03
   4.2810000e+03
   4.2930000e+03
   4.3090000e+03
   4.4430000e+03
   4.4480000e+03
   4.4560000e+03
   4.4680000e+03
   4.4800000e+03
   4.4930000e+03
   4.5120000e+03
   4.5300000e+03
   4.5440000e+03
   4.5760000e+03
   4.6330000e+03
   4.6470000e+03
   4.6600000e+03
   4.6790000e+03
   4.6920000e+03
   4.7690000e+03
   4.7830000e+03
   4.7940000e+03
   4.8070000e+03
   4.8130000e+03
   4.8260000e+03
   4.8370000e+03
   4.8550000e+03
   4.8700000e+03
   4.8810000e+03
   4.8960000e+03
   4.9510000e+03
   5.0670000e+03
   5.1030000e+03
   5.1240000e+03
   5.1310000e+03
   5.1400000e+03
   5.1540000e+03
   5.1620000e+03
   5.1710000e+03
   5.1860000e+03
   5.2040000e+03
   5.3140000e+03
   5.3230000e+03
   5.3480000e+03
   5.4330000e+03
   5.4380000e+03
   5.5120000e+03
   5.5540000e+03
   5.5770000e+03
   5.6470000e+03
   5.6790000e+03
   5.7690000e+03
   5.7770000e+03
   5.7850000e+03
   5.7960000e+03
   5.8060000e+03
   5.8180000e+03
   5.8500000e+03
   6.1130000e+03
   6.1250000e+03
   6.1620000e+03
   6.1790000e+03
   6.1910000e+03
   6.2070000e+03
   6.2260000e+03
   6.2310000e+03
   6.2410000e+03
   6.2460000e+03
   6.2520000e+03
   6.2600000e+03
   6.2760000e+03
   6.2890000e+03
   6.2990000e+03
   6.3140000e+03
   6.3230000e+03
   6.3340000e+03
   6.3470000e+03
   6.3560000e+03
   6.3690000e+03
   6.3750000e+03
   6.3950000e+03
   6.4130000e+03
   6.4370000e+03
   6.4580000e+03
   6.6250000e+03
   6.6440000e+03
   6.6630000e+03
   6.6860000e+03
   6.7110000e+03
   6.7230000e+03
   6.7440000e+03
   6.7720000e+03
   6.7880000e+03
   6.8170000e+03
   6.8360000e+03
   6.8490000e+03
   6.8610000e+03
   6.8730000e+03
   6.8800000e+03
   6.8890000e+03
   6.8940000e+03
   6.9040000e+03
   6.9110000e+03
   6.9220000e+03
   6.9340000e+03
   6.9430000e+03
   6.9640000e+03
   6.9750000e+03
   6.9910000e+03
   7.0030000e+03
   7.0230000e+03
   7.0450000e+03
   7.0680000e+03
   7.0900000e+03
   7.1020000e+03
   7.1200000e+03
   7.1500000e+03
   7.1640000e+03
   7.1850000e+03
   7.2050000e+03
   7.2220000e+03
   7.2390000e+03
   7.2610000e+03
   7.2860000e+03
   7.2990000e+03
   7.3140000e+03
   7.3260000e+03
   7.3550000e+03
   7.4330000e+03
   7.5260000e+03
   7.5370000e+03
   7.5520000e+03
   7.5600000e+03
   7.5690000e+03
   7.5750000e+03
   7.5850000e+03
   7.5960000e+03
   7.6110000e+03
   7.6320000e+03
   7.6480000e+03
   7.6820000e+03
   7.7710000e+03
   7.7930000e+03
   7.8060000e+03
   7.8330000e+03
   7.8930000e+03
   8.4050000e+03
   8.4210000e+03
   8.4500000e+03
   8.4860000e+03
   8.6430000e+03
   8.6560000e+03
   8.6660000e+03
   8.6790000e+03
   8.6850000e+03
   8.6890000e+03
   8.7010000e+03
   8.7080000e+03
   8.7160000e+03
   8.7250000e+03
   8.7330000e+03
   8.7420000e+03
   8.7560000e+03
   8.7680000e+03
   8.8050000e+03
   8.8180000e+03
   8.8270000e+03
   8.8430000e+03
   8.8530000e+03
   8.8860000e+03
   8.9140000e+03
   8.9710000e+03
   8.9780000e+03
   8.9960000e+03
   9.0090000e+03
   9.0460000e+03
   9.0580000e+03
   9.0770000e+03
   9.0970000e+03
   9.1130000e+03
   9.1310000e+03
   9.1550000e+03
   9.1880000e+03
   9.1940000e+03
   9.2260000e+03
   9.3330000e+03
   9.7530000e+03
   9.7770000e+03
   9.7960000e+03
   9.8060000e+03
   9.8140000e+03
   9.8180000e+03
   9.8260000e+03
   9.8300000e+03
   9.8400000e+03
   9.8560000e+03
   9.8670000e+03
   9.8820000e+03
   9.8870000e+03
   9.9060000e+03
   9.9130000e+03
   9.9290000e+03
   9.9410000e+03
   9.9510000e+03
   9.9570000e+03
   9.9690000e+03
   9.9790000e+03
   9.9910000e+03
   1.0002000e+04
   1.0009000e+04
   1.0020000e+04
   1.0030000e+04
