   9.7000000e+01
   1.2300000e+02
   1.3600000e+02
   1.4700000e+02
   1.5300000e+02
   1.6100000e+02
   1.6600000e+02
   1.7100000e+02
   1.7400000e+02
   1.7800000e+02
   1.8300000e+02
   1.8600000e+02
   1.9200000e+02
   1.9800000e+02
   2.0600000e+02
   2.1100000e+02
   2.1800000e+02
   2.3100000e+02
   2.4700000e+02
   3.8700000e+02
   3.9400000e+02
   4.1000000e+02
   4.2800000e+02
   4.3700000e+02
   4.5100000e+02
   4.5700000e+02
   4.6100000e+02
   4.7200000e+02
   4.8200000e+02
   5.0400000e+02
   5.1400000e+02
   5.2500000e+02
   5.4400000e+02
   5.5700000e+02
   5.6300000e+02
   7.0100000e+02
   8.7400000e+02
   8.8100000e+02
   8.9200000e+02
   8.9500000e+02
   9.0300000e+02
   9.0800000e+02
   9.1200000e+02
   9.1800000e+02
   9.2600000e+02
   9.3400000e+02
   9.4500000e+02
   9.5700000e+02
   9.8100000e+02
   1.2230000e+03
   1.2430000e+03
   1.2530000e+03
   1.2580000e+03
   1.2620000e+03
   1.2770000e+03
   1.2910000e+03
   1.3760000e+03
   1.3870000e+03
   1.4240000e+03
   1.4980000e+03
   1.5760000e+03
   1.5840000e+03
   1.9350000e+03
   1.9440000e+03
   1.9540000e+03
   1.9670000e+03
   1.9780000e+03
   1.9840000e+03
   1.9930000e+03
   1.9960000e+03
   2.0030000e+03
   2.0080000e+03
   2.0130000e+03
   2.0210000e+03
   2.0310000e+03
   2.0420000e+03
   2.0620000e+03
   2.0780000e+03
   2.1010000e+03
   2.1110000e+03
   2.1190000e+03
   2.1290000e+03
   2.1690000e+03
   2.1820000e+03
   2.1940000e+03
   2.2020000e+03
   2.2160000e+03
   2.2410000e+03
   2.2530000e+03
   2.2690000e+03
   2.2900000e+03
   2.2960000e+03
   2.3040000e+03
   2.3120000e+03
   2.3230000e+03
   2.3330000e+03
   2.3430000e+03
   2.3530000e+03
   2.3580000e+03
   2.3710000e+03
   2.3800000e+03
   2.3880000e+03
   2.4130000e+03
   2.4300000e+03
   2.5530000e+03
   2.5700000e+03
   2.5910000e+03
   2.6260000e+03
   2.6350000e+03
   2.6470000e+03
   2.6620000e+03
   2.6840000e+03
   2.7470000e+03
   2.7550000e+03
   2.7630000e+03
   2.7730000e+03
   2.7860000e+03
   2.8160000e+03
   2.8510000e+03
   3.0790000e+03
   3.0890000e+03
   3.0940000e+03
   3.1030000e+03
   3.1140000e+03
   3.1250000e+03
   3.1370000e+03
   3.1600000e+03
   3.2070000e+03
   3.2210000e+03
   3.2480000e+03
   3.2740000e+03
   3.2890000e+03
   3.3030000e+03
   3.3240000e+03
   3.3370000e+03
   3.3450000e+03
   3.3550000e+03
   3.3670000e+03
   3.3780000e+03
   3.3900000e+03
   3.3980000e+03
   3.4140000e+03
   3.4260000e+03
   3.4390000e+03
   3.4470000e+03
   3.4710000e+03
   3.5250000e+03
   3.5400000e+03
   3.8070000e+03
   3.8140000e+03
   3.8230000e+03
   3.8320000e+03
   3.8460000e+03
   3.8570000e+03
   3.8950000e+03
   4.0070000e+03
   4.0130000e+03
   4.0270000e+03
   4.0540000e+03
   4.0770000e+03
   4.0960000e+03
   4.1100000e+03
   4.1140000e+03
   4.1220000e+03
   4.1370000e+03
   4.1490000e+03
   4.1680000e+03
   4.1840000e+03
   4.2080000e+03
   4.2340000e+03
   4.2470000e+03
   4.2620000e+03
   4.2750000e+03
   4.2950000e+03
   4.4350000e+03
   4.4500000e+03
   4.4560000e+03
   4.4710000e+03
   4.4900000e+03
   4.5000000e+03
   4.5250000e+03
   4.5510000e+03
   4.5720000e+03
   4.6280000e+03
   4.6380000e+03
   4.6820000e+03
   4.6970000e+03
   4.7710000e+03
   4.7930000e+03
   4.8050000e+03
   4.8140000e+03
   4.8200000e+03
   4.8330000e+03
   4.8430000e+03
   4.8650000e+03
   4.8760000e+03
   4.8990000e+03
   4.9620000e+03
   5.0810000e+03
   5.0870000e+03
   5.1020000e+03
   5.1100000e+03
   5.1210000e+03
   5.1350000e+03
   5.1430000e+03
   5.1490000e+03
   5.1540000e+03
   5.1610000e+03
   5.1670000e+03
   5.1710000e+03
   5.1780000e+03
   5.1840000e+03
   5.1960000e+03
   5.2050000e+03
   5.2140000e+03
   5.6720000e+03
   5.8860000e+03
   5.9030000e+03
   5.9360000e+03
   5.9700000e+03
   5.9810000e+03
   5.9890000e+03
   5.9980000e+03
   6.0040000e+03
   6.0100000e+03
   6.0150000e+03
   6.0260000e+03
   6.0360000e+03
   6.0450000e+03
   6.0580000e+03
   6.0780000e+03
   6.0880000e+03
   6.1040000e+03
   6.1270000e+03
   6.1840000e+03
   6.2220000e+03
   6.2460000e+03
   6.2620000e+03
   6.2790000e+03
   6.2840000e+03
   6.3000000e+03
   6.3230000e+03
   6.3610000e+03
   6.4080000e+03
   6.4200000e+03
   6.4350000e+03
   6.9760000e+03
   6.9970000e+03
   7.0440000e+03
   7.0590000e+03
   7.0720000e+03
   7.0860000e+03
   7.0970000e+03
   7.1130000e+03
   7.1260000e+03
   7.1370000e+03
   7.2110000e+03
   7.2250000e+03
   7.2390000e+03
   7.2700000e+03
   7.2860000e+03
   7.7790000e+03
   7.7900000e+03
   7.8090000e+03
   7.8130000e+03
   7.8230000e+03
   7.8300000e+03
   7.8360000e+03
   7.8440000e+03
   7.8500000e+03
   7.8560000e+03
   7.8620000e+03
   7.8710000e+03
   7.8770000e+03
   7.8930000e+03
   7.9070000e+03
   7.9200000e+03
   7.9380000e+03
   7.9620000e+03
   7.9780000e+03
   7.9910000e+03
   8.0080000e+03
   8.0270000e+03
   8.3100000e+03
   8.3160000e+03
   8.3290000e+03
   8.3400000e+03
   8.3560000e+03
   8.3710000e+03
   8.3790000e+03
   8.3900000e+03
   8.3980000e+03
   8.4150000e+03
   8.4230000e+03
   8.4350000e+03
   8.4560000e+03
   8.5780000e+03
   8.5840000e+03
   8.5940000e+03
   8.6770000e+03
   8.6960000e+03
   8.7040000e+03
   8.7170000e+03
   8.7380000e+03
   8.7510000e+03
   8.7740000e+03
   8.7830000e+03
   8.8080000e+03
   8.8250000e+03
   8.8610000e+03
   8.8710000e+03
   9.1750000e+03
   9.1950000e+03
   9.2050000e+03
   9.2320000e+03
   9.2500000e+03
   9.2660000e+03
   9.2770000e+03
   9.5060000e+03
   9.5970000e+03
   9.8180000e+03
   9.9870000e+03
   1.0017000e+04
