   1.3100000e+02
   1.3800000e+02
   1.4700000e+02
   1.6300000e+02
   1.6700000e+02
   1.7400000e+02
   1.8300000e+02
   1.8700000e+02
   1.9400000e+02
   2.0600000e+02
   2.1600000e+02
   2.2400000e+02
   2.4900000e+02
   3.9000000e+02
   4.0100000e+02
   4.1000000e+02
   4.2600000e+02
   4.3600000e+02
   4.5000000e+02
   4.6300000e+02
   4.6900000e+02
   4.8000000e+02
   4.8600000e+02
   5.0500000e+02
   5.2900000e+02
   5.4900000e+02
   5.6400000e+02
   5.9300000e+02
   7.0900000e+02
   8.6300000e+02
   8.8100000e+02
   8.8900000e+02
   9.0100000e+02
   9.0700000e+02
   9.1100000e+02
   9.1800000e+02
   9.2300000e+02
   9.3100000e+02
   9.3800000e+02
   9.5200000e+02
   9.8500000e+02
   1.2060000e+03
   1.2270000e+03
   1.2370000e+03
   1.2430000e+03
   1.2530000e+03
   1.2610000e+03
   1.2710000e+03
   1.2820000e+03
   1.4160000e+03
   1.4230000e+03
   1.4580000e+03
   1.4840000e+03
   1.5010000e+03
   1.5740000e+03
   1.5850000e+03
   1.6460000e+03
   1.9520000e+03
   1.9620000e+03
   1.9730000e+03
   1.9830000e+03
   1.9870000e+03
   1.9920000e+03
   1.9980000e+03
   2.0030000e+03
   2.0140000e+03
   2.0200000e+03
   2.0300000e+03
   2.0430000e+03
   2.0600000e+03
   2.0770000e+03
   2.1040000e+03
   2.1130000e+03
   2.1180000e+03
   2.1280000e+03
   2.1440000e+03
   2.1590000e+03
   2.1750000e+03
   2.1840000e+03
   2.1920000e+03
   2.2120000e+03
   2.2250000e+03
   2.2490000e+03
   2.2590000e+03
   2.2740000e+03
   2.2940000e+03
   2.3000000e+03
   2.3080000e+03
   2.3170000e+03
   2.3230000e+03
   2.3370000e+03
   2.3500000e+03
   2.3650000e+03
   2.3770000e+03
   2.3970000e+03
   2.4430000e+03
   2.5490000e+03
   2.5560000e+03
   2.5860000e+03
   2.6140000e+03
   2.6330000e+03
   2.6480000e+03
   2.6580000e+03
   2.6710000e+03
   2.6960000e+03
   2.7420000e+03
   2.7470000e+03
   2.7750000e+03
   2.7820000e+03
   2.8340000e+03
   2.9700000e+03
   3.0910000e+03
   3.1030000e+03
   3.1150000e+03
   3.1290000e+03
   3.1490000e+03
   3.1620000e+03
   3.1780000e+03
   3.2390000e+03
   3.2480000e+03
   3.2630000e+03
   3.2720000e+03
   3.2840000e+03
   3.2990000e+03
   3.3120000e+03
   3.3220000e+03
   3.3260000e+03
   3.3390000e+03
   3.3540000e+03
   3.3640000e+03
   3.3770000e+03
   3.3850000e+03
   3.3910000e+03
   3.4000000e+03
   3.4120000e+03
   3.4320000e+03
   3.4460000e+03
   3.4620000e+03
   3.5040000e+03
   3.5340000e+03
   3.5440000e+03
   3.8130000e+03
   3.8170000e+03
   3.8340000e+03
   3.8400000e+03
   3.8580000e+03
   3.8740000e+03
   3.8840000e+03
   3.9100000e+03
   3.9380000e+03
   4.0100000e+03
   4.0180000e+03
   4.0280000e+03
   4.0430000e+03
   4.0510000e+03
   4.0660000e+03
   4.0810000e+03
   4.1020000e+03
   4.1100000e+03
   4.1220000e+03
   4.1320000e+03
   4.1430000e+03
   4.1520000e+03
   4.2050000e+03
   4.2290000e+03
   4.2430000e+03
   4.2520000e+03
   4.2680000e+03
   4.2830000e+03
   4.2950000e+03
   4.4510000e+03
   4.4560000e+03
   4.4630000e+03
   4.4760000e+03
   4.5210000e+03
   4.5590000e+03
   4.6590000e+03
   4.6700000e+03
   4.7330000e+03
   4.7770000e+03
   4.7940000e+03
   4.8010000e+03
   4.8110000e+03
   4.8260000e+03
   4.8340000e+03
   4.8510000e+03
   4.8680000e+03
   4.8800000e+03
   4.9170000e+03
   4.9580000e+03
   5.1450000e+03
   5.1550000e+03
   5.1670000e+03
   5.1870000e+03
   5.1950000e+03
   5.2090000e+03
   5.2150000e+03
   5.2300000e+03
   5.2400000e+03
   5.2510000e+03
   5.2610000e+03
   5.2750000e+03
   5.2840000e+03
   5.2940000e+03
   5.3030000e+03
   5.3140000e+03
   5.3210000e+03
   5.3250000e+03
   5.3310000e+03
   5.3420000e+03
   5.3530000e+03
   5.3670000e+03
   5.3850000e+03
   5.4010000e+03
   5.4140000e+03
   5.4250000e+03
   5.4650000e+03
   5.4830000e+03
   5.5240000e+03
   5.5540000e+03
   5.6000000e+03
   5.6200000e+03
   6.1500000e+03
   6.1810000e+03
   6.2690000e+03
   6.3340000e+03
   6.3650000e+03
   6.3830000e+03
   6.4790000e+03
   6.5400000e+03
   6.5470000e+03
   6.5580000e+03
   6.5800000e+03
   6.5920000e+03
   6.6010000e+03
   6.6100000e+03
   6.6230000e+03
   6.6320000e+03
   7.2320000e+03
   7.2930000e+03
   7.3010000e+03
   7.3130000e+03
   7.3340000e+03
   7.6490000e+03
   7.6650000e+03
   7.7160000e+03
   8.0200000e+03
   8.0290000e+03
   8.0990000e+03
   8.1890000e+03
   8.2110000e+03
   8.2260000e+03
   8.2380000e+03
   8.2730000e+03
   8.2910000e+03
   8.3000000e+03
   8.3410000e+03
   8.3530000e+03
   8.4300000e+03
   8.5600000e+03
   8.5640000e+03
   8.5770000e+03
   8.7750000e+03
   8.8620000e+03
   8.9950000e+03
   9.0160000e+03
   9.2940000e+03
   9.3180000e+03
   9.3470000e+03
   9.3970000e+03
   9.4220000e+03
   9.4400000e+03
   9.4560000e+03
   9.4630000e+03
   9.4690000e+03
   9.4880000e+03
   9.4960000e+03
   9.5050000e+03
   9.5100000e+03
   9.5150000e+03
   9.5190000e+03
   9.5230000e+03
   9.5360000e+03
   9.5440000e+03
   9.5540000e+03
   9.5640000e+03
   9.5750000e+03
   9.5830000e+03
   9.5960000e+03
   9.6090000e+03
   9.6500000e+03
   9.7040000e+03
   9.7270000e+03
   9.7370000e+03
   9.7630000e+03
   9.7720000e+03
   9.7870000e+03
   9.7980000e+03
   9.8320000e+03
   9.8450000e+03
   9.8540000e+03
   9.8720000e+03
   9.8830000e+03
   9.9070000e+03
   9.9160000e+03
   9.9330000e+03
