   1.3200000e+02
   1.4800000e+02
   1.5500000e+02
   1.6300000e+02
   1.6800000e+02
   1.7200000e+02
   1.7700000e+02
   1.8100000e+02
   1.8500000e+02
   1.9000000e+02
   1.9700000e+02
   2.0300000e+02
   2.0800000e+02
   2.1800000e+02
   2.2800000e+02
   2.4300000e+02
   2.5400000e+02
   3.9300000e+02
   3.9600000e+02
   4.1400000e+02
   4.2500000e+02
   4.3300000e+02
   4.4100000e+02
   4.4900000e+02
   4.5500000e+02
   4.6500000e+02
   4.7500000e+02
   4.8600000e+02
   5.0400000e+02
   5.2000000e+02
   5.3900000e+02
   5.5200000e+02
   5.6000000e+02
   5.7900000e+02
   6.0400000e+02
   6.3300000e+02
   7.0800000e+02
   8.6700000e+02
   8.7800000e+02
   8.9300000e+02
   8.9900000e+02
   9.0400000e+02
   9.1000000e+02
   9.1900000e+02
   9.2300000e+02
   9.3000000e+02
   9.4000000e+02
   9.5100000e+02
   9.6300000e+02
   9.7600000e+02
   1.2050000e+03
   1.2290000e+03
   1.2420000e+03
   1.2510000e+03
   1.2560000e+03
   1.2610000e+03
   1.2740000e+03
   1.2920000e+03
   1.3770000e+03
   1.4020000e+03
   1.4560000e+03
   1.4800000e+03
   1.5010000e+03
   1.5660000e+03
   1.5790000e+03
   1.9480000e+03
   1.9560000e+03
   1.9640000e+03
   1.9750000e+03
   1.9830000e+03
   1.9910000e+03
   1.9950000e+03
   1.9990000e+03
   2.0050000e+03
   2.0130000e+03
   2.0190000e+03
   2.0230000e+03
   2.0300000e+03
   2.0400000e+03
   2.0460000e+03
   2.0520000e+03
   2.0620000e+03
   2.0740000e+03
   2.0830000e+03
   2.0900000e+03
   2.1040000e+03
   2.1130000e+03
   2.1270000e+03
   2.1390000e+03
   2.1620000e+03
   2.1770000e+03
   2.2000000e+03
   2.2160000e+03
   2.2340000e+03
   2.2550000e+03
   2.2630000e+03
   2.2740000e+03
   2.2850000e+03
   2.3040000e+03
   2.3120000e+03
   2.3250000e+03
   2.3310000e+03
   2.3420000e+03
   2.3530000e+03
   2.3640000e+03
   2.3720000e+03
   2.3860000e+03
   2.4090000e+03
   2.4300000e+03
   2.5530000e+03
   2.5580000e+03
   2.5730000e+03
   2.6060000e+03
   2.6170000e+03
   2.6290000e+03
   2.6390000e+03
   2.6470000e+03
   2.6550000e+03
   2.6790000e+03
   2.7020000e+03
   2.7410000e+03
   2.7520000e+03
   2.7690000e+03
   2.7850000e+03
   2.7990000e+03
   2.8480000e+03
   2.8680000e+03
   2.8810000e+03
   3.0940000e+03
   3.1010000e+03
   3.1120000e+03
   3.1200000e+03
   3.1290000e+03
   3.1450000e+03
   3.1530000e+03
   3.1700000e+03
   3.2180000e+03
   3.2340000e+03
   3.2670000e+03
   3.2760000e+03
   3.2840000e+03
   3.2970000e+03
   3.3080000e+03
   3.3250000e+03
   3.3440000e+03
   3.3550000e+03
   3.3640000e+03
   3.3790000e+03
   3.3850000e+03
   3.3930000e+03
   3.4100000e+03
   3.4150000e+03
   3.4360000e+03
   3.4470000e+03
   3.4560000e+03
   3.4750000e+03
   3.5160000e+03
   3.5250000e+03
   3.5330000e+03
   3.5410000e+03
   3.7990000e+03
   3.8030000e+03
   3.8090000e+03
   3.8150000e+03
   3.8210000e+03
   3.8330000e+03
   3.8480000e+03
   3.8630000e+03
   3.8840000e+03
   3.9040000e+03
   3.9570000e+03
   4.0130000e+03
   4.0190000e+03
   4.0280000e+03
   4.0400000e+03
   4.0690000e+03
   4.0800000e+03
   4.0960000e+03
   4.1090000e+03
   4.1230000e+03
   4.1380000e+03
   4.1510000e+03
   4.1680000e+03
   4.1900000e+03
   4.2050000e+03
   4.2240000e+03
   4.2330000e+03
   4.2490000e+03
   4.2650000e+03
   4.2770000e+03
   4.2870000e+03
   4.3040000e+03
   4.4460000e+03
   4.4640000e+03
   4.4770000e+03
   4.4870000e+03
   4.5080000e+03
   4.5300000e+03
   4.5750000e+03
   4.6530000e+03
   4.6730000e+03
   4.6800000e+03
   4.7120000e+03
   4.7290000e+03
   4.7850000e+03
   4.7990000e+03
   4.8110000e+03
   4.8260000e+03
   4.8330000e+03
   4.8390000e+03
   4.8610000e+03
   4.8660000e+03
   4.8710000e+03
   4.8790000e+03
   4.9120000e+03
   5.2070000e+03
   5.2380000e+03
   5.2510000e+03
   5.2760000e+03
   5.2860000e+03
   5.3020000e+03
   5.3130000e+03
   5.3210000e+03
   5.3310000e+03
   5.3650000e+03
   5.3870000e+03
   5.4080000e+03
   5.4290000e+03
   5.4570000e+03
   5.4780000e+03
   5.5420000e+03
   5.6030000e+03
   5.6110000e+03
   5.6260000e+03
   5.6410000e+03
   5.6470000e+03
   5.6580000e+03
   5.6710000e+03
   5.6830000e+03
   5.7100000e+03
   5.7360000e+03
   5.7480000e+03
   5.7600000e+03
   5.7730000e+03
   5.9840000e+03
   6.0150000e+03
   6.0230000e+03
   6.0330000e+03
   6.0450000e+03
   6.0520000e+03
   6.0630000e+03
   6.0820000e+03
   6.0980000e+03
   6.1100000e+03
   6.1300000e+03
   6.1340000e+03
   6.1610000e+03
   6.1690000e+03
   6.2120000e+03
   6.2470000e+03
   6.2550000e+03
   6.2750000e+03
   6.2900000e+03
   6.3050000e+03
   6.3210000e+03
   6.3380000e+03
   6.6180000e+03
   6.9610000e+03
   6.9690000e+03
   6.9960000e+03
   7.0250000e+03
   7.0340000e+03
   7.0540000e+03
   7.1000000e+03
   7.1240000e+03
   7.1360000e+03
   7.2620000e+03
   7.2860000e+03
   7.3020000e+03
   7.3210000e+03
   7.3400000e+03
   7.3550000e+03
   7.3780000e+03
   7.3880000e+03
   7.3970000e+03
   7.4150000e+03
   7.4280000e+03
   7.4360000e+03
   7.4460000e+03
   7.4580000e+03
   7.4660000e+03
   7.4720000e+03
   7.4830000e+03
   7.4910000e+03
   7.5050000e+03
   7.5140000e+03
   7.5250000e+03
   7.5380000e+03
   7.5450000e+03
   7.5610000e+03
   7.5750000e+03
   7.5890000e+03
   7.6000000e+03
   7.6160000e+03
   7.6240000e+03
   7.6360000e+03
   7.6460000e+03
   7.6550000e+03
   7.6690000e+03
   7.6880000e+03
   7.8300000e+03
   7.8410000e+03
   7.8500000e+03
   7.8780000e+03
   7.8970000e+03
   7.9100000e+03
   7.9330000e+03
   7.9980000e+03
   8.2950000e+03
   8.3010000e+03
   8.3170000e+03
   8.3290000e+03
   8.3370000e+03
   8.3490000e+03
   8.3570000e+03
   8.3660000e+03
   8.3720000e+03
   8.3810000e+03
   8.3880000e+03
   8.3970000e+03
   8.4150000e+03
   8.4390000e+03
   8.4520000e+03
   8.4620000e+03
   8.4830000e+03
   8.4880000e+03
   8.5130000e+03
   8.5300000e+03
   8.5750000e+03
   8.5810000e+03
   8.5950000e+03
   8.6050000e+03
   8.6200000e+03
   8.6390000e+03
   8.6530000e+03
   8.6780000e+03
   8.7070000e+03
   8.8180000e+03
   8.8630000e+03
   8.8900000e+03
   8.9070000e+03
   8.9170000e+03
   8.9430000e+03
   8.9480000e+03
   8.9540000e+03
   8.9610000e+03
   8.9650000e+03
   8.9750000e+03
   8.9850000e+03
   8.9940000e+03
   9.0020000e+03
   9.0130000e+03
   9.0190000e+03
   9.0280000e+03
   9.0420000e+03
   9.0520000e+03
   9.0720000e+03
   9.0880000e+03
   9.1080000e+03
   9.1260000e+03
   9.1350000e+03
   9.1450000e+03
   9.1820000e+03
   9.1960000e+03
   9.2110000e+03
   9.2270000e+03
   9.2350000e+03
   9.2530000e+03
   9.2670000e+03
   9.2840000e+03
   9.3020000e+03
   9.3200000e+03
   9.3320000e+03
   9.3430000e+03
   9.3550000e+03
   9.3750000e+03
   9.4010000e+03
   9.4160000e+03
   9.4300000e+03
   9.4400000e+03
   9.4580000e+03
   9.4670000e+03
   9.4730000e+03
   9.4860000e+03
   9.4980000e+03
   9.5120000e+03
   9.5270000e+03
   9.5400000e+03
   9.5560000e+03
   9.5880000e+03
   9.6050000e+03
   9.6140000e+03
   9.6280000e+03
   9.6370000e+03
   9.6510000e+03
   9.6640000e+03
