   5.3000000e+01
   1.1000000e+02
   1.3700000e+02
   1.4500000e+02
   1.5600000e+02
   1.6200000e+02
   1.7000000e+02
   1.7300000e+02
   1.7700000e+02
   1.8700000e+02
   1.9200000e+02
   1.9600000e+02
   2.0400000e+02
   2.1000000e+02
   2.1500000e+02
   2.2500000e+02
   2.4000000e+02
   3.9000000e+02
   4.0000000e+02
   4.1200000e+02
   4.3300000e+02
   4.4100000e+02
   4.4900000e+02
   4.6100000e+02
   4.6700000e+02
   4.7800000e+02
   4.9600000e+02
   5.1800000e+02
   5.3000000e+02
   5.4700000e+02
   5.5500000e+02
   5.6500000e+02
   8.6100000e+02
   8.7600000e+02
   8.8900000e+02
   8.9800000e+02
   9.0500000e+02
   9.1100000e+02
   9.1500000e+02
   9.1900000e+02
   9.3400000e+02
   9.4400000e+02
   9.6000000e+02
   9.7800000e+02
   1.0000000e+03
   1.2020000e+03
   1.2250000e+03
   1.2360000e+03
   1.2440000e+03
   1.2490000e+03
   1.2580000e+03
   1.2640000e+03
   1.2720000e+03
   1.2800000e+03
   1.4480000e+03
   1.4640000e+03
   1.4860000e+03
   1.5720000e+03
   1.5790000e+03
   1.5980000e+03
   1.9410000e+03
   1.9500000e+03
   1.9600000e+03
   1.9750000e+03
   1.9820000e+03
   1.9890000e+03
   1.9960000e+03
   2.0010000e+03
   2.0090000e+03
   2.0180000e+03
   2.0250000e+03
   2.0340000e+03
   2.0440000e+03
   2.0550000e+03
   2.0630000e+03
   2.0840000e+03
   2.0980000e+03
   2.1170000e+03
   2.1220000e+03
   2.1350000e+03
   2.1450000e+03
   2.1610000e+03
   2.1780000e+03
   2.1880000e+03
   2.2060000e+03
   2.2300000e+03
   2.2450000e+03
   2.2640000e+03
   2.2690000e+03
   2.2840000e+03
   2.2940000e+03
   2.3080000e+03
   2.3180000e+03
   2.3290000e+03
   2.3370000e+03
   2.3520000e+03
   2.3640000e+03
   2.3730000e+03
   2.3880000e+03
   2.4090000e+03
   2.5540000e+03
   2.5670000e+03
   2.5850000e+03
   2.6030000e+03
   2.6170000e+03
   2.6330000e+03
   2.6490000e+03
   2.6630000e+03
   2.6910000e+03
   2.7430000e+03
   2.7480000e+03
   2.7600000e+03
   2.7800000e+03
   2.7980000e+03
   2.8790000e+03
   2.8880000e+03
   2.9720000e+03
   3.0870000e+03
   3.0930000e+03
   3.1020000e+03
   3.1140000e+03
   3.1260000e+03
   3.1330000e+03
   3.1550000e+03
   3.1640000e+03
   3.1840000e+03
   3.2130000e+03
   3.2220000e+03
   3.2390000e+03
   3.2450000e+03
   3.2740000e+03
   3.2880000e+03
   3.3040000e+03
   3.3160000e+03
   3.3240000e+03
   3.3470000e+03
   3.3550000e+03
   3.3610000e+03
   3.3700000e+03
   3.3810000e+03
   3.3900000e+03
   3.4010000e+03
   3.4170000e+03
   3.4330000e+03
   3.4410000e+03
   3.4540000e+03
   3.4730000e+03
   3.4890000e+03
   3.5240000e+03
   3.5320000e+03
   3.5430000e+03
   3.8050000e+03
   3.8100000e+03
   3.8190000e+03
   3.8310000e+03
   3.8490000e+03
   3.8630000e+03
   3.8840000e+03
   3.9140000e+03
   3.9370000e+03
   3.9500000e+03
   3.9960000e+03
   4.0030000e+03
   4.0120000e+03
   4.0260000e+03
   4.0420000e+03
   4.0560000e+03
   4.0690000e+03
   4.0830000e+03
   4.1110000e+03
   4.1170000e+03
   4.1310000e+03
   4.1430000e+03
   4.1590000e+03
   4.1740000e+03
   4.2160000e+03
   4.2290000e+03
   4.2360000e+03
   4.2570000e+03
   4.2730000e+03
   4.2810000e+03
   4.3020000e+03
   4.4390000e+03
   4.4460000e+03
   4.4540000e+03
   4.4670000e+03
   4.4830000e+03
   4.4920000e+03
   4.5120000e+03
   4.5360000e+03
   4.5770000e+03
   4.6480000e+03
   4.6630000e+03
   4.6860000e+03
   4.7050000e+03
   4.7120000e+03
   4.7950000e+03
   4.8000000e+03
   4.8070000e+03
   4.8160000e+03
   4.8280000e+03
   4.8390000e+03
   4.8590000e+03
   4.8700000e+03
   4.8830000e+03
   5.0510000e+03
   5.0560000e+03
   5.0640000e+03
   5.0750000e+03
   5.1000000e+03
   5.1150000e+03
   5.1270000e+03
   5.1410000e+03
   5.1610000e+03
   5.1730000e+03
   5.2020000e+03
   5.2290000e+03
   5.2680000e+03
   5.2870000e+03
   5.3130000e+03
   5.3740000e+03
   5.3860000e+03
   5.4340000e+03
   5.4570000e+03
   5.4750000e+03
   5.4890000e+03
   5.5030000e+03
   5.5140000e+03
   5.5240000e+03
   5.5340000e+03
   5.5410000e+03
   5.5480000e+03
   5.5560000e+03
   5.5670000e+03
   5.5740000e+03
   5.5830000e+03
   5.5920000e+03
   5.6030000e+03
   5.6240000e+03
   5.6340000e+03
   5.6520000e+03
   5.6720000e+03
   5.6870000e+03
   5.7040000e+03
   5.7300000e+03
   5.7540000e+03
   5.7700000e+03
   5.8030000e+03
   5.8120000e+03
   5.8340000e+03
   5.8440000e+03
   5.8530000e+03
   5.8620000e+03
   5.8700000e+03
   5.8760000e+03
   5.8840000e+03
   5.8990000e+03
   5.9370000e+03
   6.0450000e+03
   6.1910000e+03
   6.2080000e+03
   6.2190000e+03
   6.2300000e+03
   6.2370000e+03
   6.2600000e+03
   6.3360000e+03
   6.3580000e+03
   6.3810000e+03
   6.4100000e+03
   6.4230000e+03
   6.4470000e+03
   6.4610000e+03
   6.4710000e+03
   6.4920000e+03
   6.5070000e+03
   6.5430000e+03
   6.5490000e+03
   6.5650000e+03
   6.5980000e+03
   6.6480000e+03
   6.7240000e+03
   6.7560000e+03
   6.7670000e+03
   6.7760000e+03
   6.7890000e+03
   6.7960000e+03
   6.8080000e+03
   6.8180000e+03
   6.8260000e+03
   6.8350000e+03
   6.8470000e+03
   6.8700000e+03
   6.9020000e+03
   6.9120000e+03
   6.9280000e+03
   6.9390000e+03
   6.9510000e+03
   6.9710000e+03
   7.0440000e+03
   7.0700000e+03
   7.1660000e+03
   7.1740000e+03
   7.1800000e+03
   7.2110000e+03
   7.2600000e+03
   7.5490000e+03
   7.5650000e+03
   7.5800000e+03
   7.5890000e+03
   7.5940000e+03
   7.6040000e+03
   7.6160000e+03
   7.6290000e+03
   7.6500000e+03
   7.6620000e+03
   7.6720000e+03
   7.6910000e+03
   7.8410000e+03
   7.8580000e+03
   7.8670000e+03
   7.8750000e+03
   7.8900000e+03
   7.9160000e+03
   7.9250000e+03
   7.9350000e+03
   7.9430000e+03
   7.9530000e+03
   7.9620000e+03
   7.9720000e+03
   7.9890000e+03
   8.0060000e+03
   8.0210000e+03
   8.0740000e+03
   8.0890000e+03
   8.0950000e+03
   8.1120000e+03
   8.1290000e+03
   8.1470000e+03
   8.1770000e+03
   8.2020000e+03
   8.4150000e+03
   8.4290000e+03
   8.5190000e+03
   8.5330000e+03
   8.6070000e+03
   8.6780000e+03
   8.7420000e+03
   9.1450000e+03
   9.6700000e+03
   9.6800000e+03
   9.6960000e+03
   9.7120000e+03
   9.7200000e+03
   9.7340000e+03
   9.7550000e+03
   9.7670000e+03
   9.7720000e+03
   9.7870000e+03
   9.8000000e+03
   9.8130000e+03
   9.8190000e+03
   9.8320000e+03
   9.8420000e+03
   9.8940000e+03
   9.9190000e+03
   9.9320000e+03
   9.9510000e+03
   9.9660000e+03
   9.9770000e+03
   9.9870000e+03
   1.0000000e+04
   1.0013000e+04
   1.0021000e+04
   1.0033000e+04
