   1.4700000e+02
   1.5700000e+02
   1.6400000e+02
   1.7100000e+02
   1.7700000e+02
   1.8100000e+02
   1.9000000e+02
   1.9300000e+02
   2.0200000e+02
   2.1300000e+02
   2.1800000e+02
   2.2600000e+02
   4.0100000e+02
   4.1400000e+02
   4.2800000e+02
   4.4100000e+02
   4.5000000e+02
   4.5400000e+02
   4.6400000e+02
   4.8100000e+02
   4.9700000e+02
   5.0900000e+02
   5.2500000e+02
   5.4100000e+02
   5.5000000e+02
   5.6200000e+02
   9.0000000e+02
   9.0600000e+02
   9.1100000e+02
   9.1700000e+02
   9.2300000e+02
   9.2700000e+02
   9.5200000e+02
   9.6100000e+02
   9.7300000e+02
   1.2690000e+03
   1.2740000e+03
   1.3000000e+03
   1.4740000e+03
   1.4940000e+03
   1.5730000e+03
   1.5850000e+03
   1.9560000e+03
   1.9710000e+03
   1.9810000e+03
   1.9850000e+03
   1.9950000e+03
   2.0020000e+03
   2.0100000e+03
   2.0170000e+03
   2.0400000e+03
   2.0480000e+03
   2.0700000e+03
   2.0970000e+03
   2.1060000e+03
   2.1130000e+03
   2.1300000e+03
   2.1520000e+03
   2.1640000e+03
   2.1770000e+03
   2.1890000e+03
   2.2000000e+03
   2.2070000e+03
   2.2230000e+03
   2.2350000e+03
   2.2600000e+03
   2.2700000e+03
   2.2820000e+03
   2.2960000e+03
   2.3070000e+03
   2.3190000e+03
   2.3350000e+03
   2.3470000e+03
   2.3620000e+03
   2.3720000e+03
   2.4040000e+03
   2.4200000e+03
   2.4410000e+03
   2.5580000e+03
   2.5700000e+03
   2.6370000e+03
   2.6500000e+03
   2.6590000e+03
   2.7550000e+03
   2.7670000e+03
   2.7740000e+03
   3.1020000e+03
   3.1140000e+03
   3.1240000e+03
   3.1450000e+03
   3.1560000e+03
   3.2210000e+03
   3.2420000e+03
   3.2750000e+03
   3.2810000e+03
   3.2940000e+03
   3.3040000e+03
   3.3650000e+03
   3.3740000e+03
   3.3840000e+03
   3.3970000e+03
   3.4030000e+03
   3.4380000e+03
   3.4480000e+03
   3.5460000e+03
   3.8130000e+03
   3.8290000e+03
   3.8440000e+03
   3.8530000e+03
   3.8610000e+03
   4.0080000e+03
   4.0210000e+03
   4.0290000e+03
   4.0510000e+03
   4.1180000e+03
   4.1360000e+03
   4.1430000e+03
   4.2670000e+03
   4.2780000e+03
   4.2820000e+03
   4.2980000e+03
   4.4640000e+03
   4.4710000e+03
   4.4890000e+03
   4.4990000e+03
   4.5110000e+03
   4.5580000e+03
   4.6550000e+03
   4.6650000e+03
   4.6740000e+03
   4.6880000e+03
   4.8170000e+03
   4.8370000e+03
   4.8480000e+03
   4.8670000e+03
   4.8810000e+03
   5.4450000e+03
   5.4560000e+03
   5.4860000e+03
   5.4930000e+03
   5.5040000e+03
   5.5260000e+03
   5.5470000e+03
   5.5520000e+03
   5.5690000e+03
   5.5820000e+03
   5.6020000e+03
   5.6090000e+03
   5.6200000e+03
   5.6280000e+03
   5.6460000e+03
   5.6600000e+03
   5.6970000e+03
   5.7290000e+03
   5.7460000e+03
   5.7560000e+03
   5.8180000e+03
   5.8260000e+03
   5.8430000e+03
   5.8570000e+03
   5.9050000e+03
   5.9700000e+03
   5.9850000e+03
   5.9940000e+03
   6.0560000e+03
   6.0800000e+03
   6.0930000e+03
   6.1060000e+03
   6.1300000e+03
   6.2600000e+03
   6.3420000e+03
   6.3520000e+03
   6.4110000e+03
   6.4210000e+03
   6.4390000e+03
   6.4520000e+03
   6.4670000e+03
   6.4980000e+03
   6.5160000e+03
   6.5640000e+03
   6.5990000e+03
   6.6080000e+03
   6.7880000e+03
   6.8060000e+03
   6.8230000e+03
   6.8400000e+03
   6.8590000e+03
   6.8720000e+03
   6.8860000e+03
   6.8960000e+03
   6.9050000e+03
   6.9310000e+03
   6.9400000e+03
   6.9450000e+03
   6.9660000e+03
   6.9790000e+03
   7.0080000e+03
   7.0240000e+03
   7.1210000e+03
   7.1320000e+03
   7.1540000e+03
   7.1660000e+03
   7.2700000e+03
   7.5510000e+03
   7.5600000e+03
   7.5740000e+03
   7.5860000e+03
   7.5950000e+03
   7.6040000e+03
   7.6110000e+03
   7.6370000e+03
   7.6440000e+03
   7.6560000e+03
   7.6910000e+03
   7.7060000e+03
   8.3260000e+03
   8.3420000e+03
   8.3480000e+03
   8.3630000e+03
   8.3670000e+03
   8.3780000e+03
   8.3880000e+03
   8.3970000e+03
   9.6740000e+03
   9.6900000e+03
   9.6980000e+03
   9.7070000e+03
   9.7220000e+03
   9.7290000e+03
   9.7370000e+03
   9.7490000e+03
   9.7560000e+03
   9.7610000e+03
   9.7770000e+03
   9.7850000e+03
   9.7920000e+03
   9.7990000e+03
   9.8080000e+03
   9.8110000e+03
   9.8220000e+03
   9.8370000e+03
   9.8660000e+03
   9.9110000e+03
   9.9200000e+03
   9.9350000e+03
   9.9510000e+03
