   1.3200000e+02
   1.5400000e+02
   1.6700000e+02
   1.7500000e+02
   1.8000000e+02
   1.8800000e+02
   1.9300000e+02
   2.0400000e+02
   2.1300000e+02
   2.3400000e+02
   2.6100000e+02
   4.0100000e+02
   4.1000000e+02
   4.3900000e+02
   4.5000000e+02
   4.6400000e+02
   4.9800000e+02
   5.2100000e+02
   5.2800000e+02
   5.3800000e+02
   5.5600000e+02
   5.6400000e+02
   8.7000000e+02
   8.7400000e+02
   8.9100000e+02
   9.0400000e+02
   9.0700000e+02
   9.1600000e+02
   9.2500000e+02
   9.3200000e+02
   9.5200000e+02
   9.6200000e+02
   9.8700000e+02
   1.2250000e+03
   1.2420000e+03
   1.2510000e+03
   1.2570000e+03
   1.2660000e+03
   1.2730000e+03
   1.2840000e+03
   1.3790000e+03
   1.4410000e+03
   1.5890000e+03
   1.5990000e+03
   1.9490000e+03
   1.9600000e+03
   1.9710000e+03
   1.9800000e+03
   1.9850000e+03
   1.9930000e+03
   2.0000000e+03
   2.0080000e+03
   2.0210000e+03
   2.0280000e+03
   2.0340000e+03
   2.0560000e+03
   2.0740000e+03
   2.0920000e+03
   2.1040000e+03
   2.1110000e+03
   2.1220000e+03
   2.1400000e+03
   2.1810000e+03
   2.1880000e+03
   2.2060000e+03
   2.2110000e+03
   2.2290000e+03
   2.2580000e+03
   2.2750000e+03
   2.2850000e+03
   2.2940000e+03
   2.3050000e+03
   2.3120000e+03
   2.3220000e+03
   2.3330000e+03
   2.3400000e+03
   2.3560000e+03
   2.3640000e+03
   2.3770000e+03
   2.3960000e+03
   2.4190000e+03
   2.4390000e+03
   2.5550000e+03
   2.6000000e+03
   2.6200000e+03
   2.6340000e+03
   2.6500000e+03
   2.6900000e+03
   2.7290000e+03
   2.7430000e+03
   2.7620000e+03
   2.7760000e+03
   2.7950000e+03
   2.8730000e+03
   3.0960000e+03
   3.1040000e+03
   3.1150000e+03
   3.1400000e+03
   3.1550000e+03
   3.1850000e+03
   3.2180000e+03
   3.2270000e+03
   3.2420000e+03
   3.2740000e+03
   3.2940000e+03
   3.3070000e+03
   3.3240000e+03
   3.3370000e+03
   3.3600000e+03
   3.3680000e+03
   3.3780000e+03
   3.3850000e+03
   3.3950000e+03
   3.4040000e+03
   3.4140000e+03
   3.4390000e+03
   3.4540000e+03
   3.4710000e+03
   3.4970000e+03
   3.5270000e+03
   3.5390000e+03
   3.5480000e+03
   3.5670000e+03
   3.8080000e+03
   3.8140000e+03
   3.8200000e+03
   3.8480000e+03
   3.8780000e+03
   3.8840000e+03
   3.9170000e+03
   3.9400000e+03
   3.9560000e+03
   4.0140000e+03
   4.0230000e+03
   4.0320000e+03
   4.0520000e+03
   4.0690000e+03
   4.1120000e+03
   4.1190000e+03
   4.1330000e+03
   4.1540000e+03
   4.1620000e+03
   4.2160000e+03
   4.2460000e+03
   4.2670000e+03
   4.2770000e+03
   4.2830000e+03
   4.2960000e+03
   4.4510000e+03
   4.4580000e+03
   4.4730000e+03
   4.4990000e+03
   4.5270000e+03
   4.5430000e+03
   4.5610000e+03
   4.6540000e+03
   4.6730000e+03
   4.6840000e+03
   4.7790000e+03
   4.7900000e+03
   4.8060000e+03
   4.8190000e+03
   4.8370000e+03
   4.8490000e+03
   4.8630000e+03
   4.8750000e+03
   4.8860000e+03
   4.8960000e+03
   4.9450000e+03
   5.1100000e+03
   5.1330000e+03
   5.1470000e+03
   5.1560000e+03
   5.1640000e+03
   5.1820000e+03
   5.1930000e+03
   5.2050000e+03
   5.2170000e+03
   5.2390000e+03
   5.3520000e+03
   5.3590000e+03
   5.3680000e+03
   5.3930000e+03
   5.4040000e+03
   5.4280000e+03
   5.4460000e+03
   5.4550000e+03
   5.5340000e+03
   5.5750000e+03
   5.5890000e+03
   5.5990000e+03
   5.6130000e+03
   5.6230000e+03
   5.6320000e+03
   5.6520000e+03
   5.6620000e+03
   5.6750000e+03
   5.6900000e+03
   5.7030000e+03
   5.7130000e+03
   5.7280000e+03
   5.7470000e+03
   5.7590000e+03
   5.7770000e+03
   6.8080000e+03
   6.8280000e+03
   6.8450000e+03
   6.8530000e+03
   6.8600000e+03
   6.8660000e+03
   6.8790000e+03
   7.0900000e+03
   7.1010000e+03
   7.1100000e+03
   7.1430000e+03
   7.1630000e+03
   7.1880000e+03
   7.2040000e+03
   7.2450000e+03
   7.2590000e+03
   7.2710000e+03
   7.2840000e+03
   7.2990000e+03
   7.3110000e+03
   7.3380000e+03
   7.3980000e+03
   7.4080000e+03
   7.4310000e+03
   7.4400000e+03
   7.4490000e+03
   7.4640000e+03
   7.4730000e+03
   7.4910000e+03
   7.5040000e+03
   7.5480000e+03
   7.5710000e+03
   7.5940000e+03
   7.6030000e+03
   7.6200000e+03
   7.6440000e+03
   7.6640000e+03
   7.6760000e+03
   7.6920000e+03
   7.7010000e+03
   7.7210000e+03
   7.7640000e+03
   7.8570000e+03
   7.8990000e+03
   8.0110000e+03
   8.0290000e+03
   8.0360000e+03
   8.0480000e+03
   8.0650000e+03
   8.0910000e+03
   8.1320000e+03
   8.1780000e+03
   8.2300000e+03
   8.2470000e+03
   8.2810000e+03
   8.3190000e+03
   8.3470000e+03
   8.3640000e+03
   8.3890000e+03
   8.4130000e+03
   8.4900000e+03
   8.5130000e+03
   8.5610000e+03
   8.5790000e+03
   8.5980000e+03
   8.6090000e+03
   8.6220000e+03
   8.6300000e+03
   8.6460000e+03
   8.6700000e+03
   8.6840000e+03
   8.6980000e+03
   8.7150000e+03
   8.7220000e+03
   8.7320000e+03
   8.7490000e+03
   8.7650000e+03
   8.7820000e+03
   8.7880000e+03
   8.7980000e+03
   8.8030000e+03
   8.8140000e+03
   8.8170000e+03
   8.8350000e+03
   8.8440000e+03
   8.8560000e+03
   8.8650000e+03
   8.8790000e+03
   8.8880000e+03
   8.9010000e+03
   8.9150000e+03
   8.9260000e+03
   8.9360000e+03
   8.9650000e+03
   8.9740000e+03
   8.9970000e+03
   9.0140000e+03
   9.0290000e+03
   9.0320000e+03
   9.0530000e+03
   9.0680000e+03
   9.0820000e+03
   9.1010000e+03
   9.1130000e+03
   9.1370000e+03
   9.1690000e+03
   9.2520000e+03
   9.4060000e+03
   9.4120000e+03
   9.4190000e+03
   9.4400000e+03
   9.4550000e+03
   9.4640000e+03
   9.4800000e+03
   9.4900000e+03
   9.4990000e+03
   9.5070000e+03
   9.5190000e+03
   9.5270000e+03
   9.5410000e+03
   9.5520000e+03
   9.5640000e+03
   9.5780000e+03
   9.5930000e+03
   9.6060000e+03
   9.6510000e+03
   9.7120000e+03
   9.7220000e+03
   9.7630000e+03
   9.7770000e+03
   9.7860000e+03
   9.8080000e+03
   9.8370000e+03
   9.8610000e+03
   9.9180000e+03
