   1.0100000e+02
   1.1900000e+02
   1.3700000e+02
   1.4700000e+02
   1.5400000e+02
   1.6000000e+02
   1.6600000e+02
   1.7000000e+02
   1.7400000e+02
   1.7900000e+02
   1.8300000e+02
   1.9100000e+02
   1.9600000e+02
   2.0000000e+02
   2.0700000e+02
   2.1500000e+02
   2.2400000e+02
   2.3600000e+02
   2.5300000e+02
   3.8400000e+02
   3.9500000e+02
   3.9900000e+02
   4.1100000e+02
   4.2400000e+02
   4.3600000e+02
   4.4900000e+02
   4.5600000e+02
   4.6600000e+02
   4.7700000e+02
   4.9300000e+02
   5.1100000e+02
   5.2600000e+02
   5.4000000e+02
   5.6000000e+02
   5.7100000e+02
   5.9200000e+02
   6.4100000e+02
   6.9600000e+02
   7.0800000e+02
   7.4300000e+02
   8.6300000e+02
   8.7000000e+02
   8.8000000e+02
   8.9800000e+02
   9.0200000e+02
   9.0600000e+02
   9.1400000e+02
   9.1900000e+02
   9.2500000e+02
   9.3200000e+02
   9.4200000e+02
   9.5400000e+02
   9.7800000e+02
   1.1930000e+03
   1.2100000e+03
   1.2280000e+03
   1.2390000e+03
   1.2490000e+03
   1.2530000e+03
   1.2610000e+03
   1.2680000e+03
   1.2770000e+03
   1.3020000e+03
   1.3730000e+03
   1.3910000e+03
   1.4150000e+03
   1.4430000e+03
   1.4580000e+03
   1.4790000e+03
   1.4940000e+03
   1.5100000e+03
   1.5690000e+03
   1.5800000e+03
   1.5870000e+03
   1.9450000e+03
   1.9540000e+03
   1.9590000e+03
   1.9700000e+03
   1.9820000e+03
   1.9890000e+03
   1.9950000e+03
   2.0010000e+03
   2.0080000e+03
   2.0190000e+03
   2.0280000e+03
   2.0350000e+03
   2.0470000e+03
   2.0600000e+03
   2.0760000e+03
   2.0950000e+03
   2.1030000e+03
   2.1130000e+03
   2.1280000e+03
   2.1440000e+03
   2.1620000e+03
   2.1720000e+03
   2.1850000e+03
   2.1890000e+03
   2.2020000e+03
   2.2120000e+03
   2.2300000e+03
   2.2550000e+03
   2.2630000e+03
   2.2740000e+03
   2.2880000e+03
   2.2980000e+03
   2.3140000e+03
   2.3240000e+03
   2.3370000e+03
   2.3540000e+03
   2.3600000e+03
   2.3820000e+03
   2.3920000e+03
   2.4120000e+03
   2.4410000e+03
   2.5410000e+03
   2.5530000e+03
   2.5700000e+03
   2.6070000e+03
   2.6320000e+03
   2.6430000e+03
   2.6510000e+03
   2.6620000e+03
   2.6790000e+03
   2.7210000e+03
   2.7410000e+03
   2.7540000e+03
   2.7640000e+03
   2.7740000e+03
   2.7910000e+03
   2.8050000e+03
   2.8200000e+03
   2.8410000e+03
   2.8700000e+03
   2.8780000e+03
   3.0800000e+03
   3.0880000e+03
   3.0940000e+03
   3.0980000e+03
   3.1070000e+03
   3.1140000e+03
   3.1270000e+03
   3.1370000e+03
   3.1530000e+03
   3.1740000e+03
   3.1920000e+03
   3.2070000e+03
   3.2200000e+03
   3.2350000e+03
   3.2490000e+03
   3.2620000e+03
   3.2730000e+03
   3.2870000e+03
   3.3050000e+03
   3.3190000e+03
   3.3340000e+03
   3.3520000e+03
   3.3620000e+03
   3.3770000e+03
   3.3870000e+03
   3.4050000e+03
   3.4180000e+03
   3.4340000e+03
   3.4460000e+03
   3.4540000e+03
   3.4740000e+03
   3.4920000e+03
   3.5120000e+03
   3.5250000e+03
   3.5360000e+03
   3.5540000e+03
   3.5810000e+03
   3.7950000e+03
   3.8040000e+03
   3.8070000e+03
   3.8150000e+03
   3.8220000e+03
   3.8320000e+03
   3.8440000e+03
   3.8610000e+03
   3.9010000e+03
   3.9390000e+03
   3.9490000e+03
   3.9650000e+03
   4.0000000e+03
   4.0040000e+03
   4.0150000e+03
   4.0230000e+03
   4.0310000e+03
   4.0490000e+03
   4.0690000e+03
   4.0940000e+03
   4.1040000e+03
   4.1180000e+03
   4.1340000e+03
   4.1480000e+03
   4.1610000e+03
   4.2160000e+03
   4.2240000e+03
   4.2340000e+03
   4.2430000e+03
   4.2560000e+03
   4.2680000e+03
   4.2830000e+03
   4.2930000e+03
   4.3110000e+03
   4.4410000e+03
   4.4500000e+03
   4.4600000e+03
   4.4690000e+03
   4.4780000e+03
   4.4910000e+03
   4.5010000e+03
   4.5310000e+03
   4.5520000e+03
   4.5670000e+03
   4.6250000e+03
   4.6480000e+03
   4.6630000e+03
   4.6780000e+03
   4.6870000e+03
   4.7870000e+03
   4.7950000e+03
   4.8060000e+03
   4.8130000e+03
   4.8240000e+03
   4.8290000e+03
   4.8410000e+03
   4.8530000e+03
   4.8660000e+03
   4.8820000e+03
   4.8900000e+03
   4.9060000e+03
   4.9290000e+03
   4.9710000e+03
   5.2370000e+03
   5.4190000e+03
   5.4290000e+03
   5.4590000e+03
   5.5150000e+03
   5.5220000e+03
   5.5360000e+03
   5.5500000e+03
   5.5620000e+03
   5.5710000e+03
   5.5790000e+03
   5.5940000e+03
   5.6190000e+03
   5.6470000e+03
   5.6640000e+03
   5.7170000e+03
   5.7410000e+03
   5.9180000e+03
   6.1690000e+03
   6.1820000e+03
   6.2070000e+03
   6.2290000e+03
   6.2430000e+03
   6.2670000e+03
   6.3030000e+03
   6.6480000e+03
   6.7760000e+03
   6.7960000e+03
   6.8110000e+03
   6.9300000e+03
   7.1540000e+03
   7.1620000e+03
   7.1800000e+03
   7.1900000e+03
   7.2010000e+03
   7.2330000e+03
   7.2490000e+03
   7.2550000e+03
   7.2680000e+03
   7.2740000e+03
   7.2860000e+03
   7.2930000e+03
   7.3010000e+03
   7.3100000e+03
   7.3230000e+03
   7.3330000e+03
   7.3460000e+03
   7.3670000e+03
   7.3890000e+03
   7.4100000e+03
   7.4260000e+03
   7.5390000e+03
   7.5580000e+03
   7.6200000e+03
   7.6420000e+03
   7.6760000e+03
   7.6940000e+03
   7.7170000e+03
   7.7390000e+03
   7.7470000e+03
   7.7600000e+03
   7.7670000e+03
   7.7740000e+03
   7.7780000e+03
   7.7900000e+03
   7.7980000e+03
   7.8030000e+03
   7.8100000e+03
   7.8180000e+03
   7.8290000e+03
   7.8410000e+03
   7.8510000e+03
   7.8710000e+03
   7.9180000e+03
   7.9290000e+03
   7.9460000e+03
   7.9630000e+03
   7.9730000e+03
   7.9950000e+03
   8.0240000e+03
   8.0360000e+03
   8.0580000e+03
   8.0680000e+03
   8.0960000e+03
   8.1170000e+03
   8.1320000e+03
   8.1540000e+03
   8.1620000e+03
   8.1690000e+03
   8.1830000e+03
   8.2060000e+03
   8.2130000e+03
   8.2280000e+03
   8.2350000e+03
   8.2460000e+03
   8.2550000e+03
   8.2640000e+03
   8.2690000e+03
   8.2810000e+03
   8.2920000e+03
   8.3190000e+03
   8.3430000e+03
   8.3690000e+03
   8.3870000e+03
   8.5580000e+03
   8.5790000e+03
   8.5920000e+03
   8.6090000e+03
   8.6260000e+03
   8.8970000e+03
   8.9390000e+03
   9.0280000e+03
   9.0510000e+03
   9.0760000e+03
   9.0930000e+03
   9.1010000e+03
   9.1110000e+03
   9.1200000e+03
   9.1270000e+03
   9.1370000e+03
   9.1560000e+03
   9.1700000e+03
   9.1980000e+03
   9.2510000e+03
   9.2580000e+03
   9.2670000e+03
   9.2800000e+03
   9.3060000e+03
   9.3200000e+03
   9.3340000e+03
   9.3570000e+03
   9.3720000e+03
   9.3950000e+03
   9.4110000e+03
   9.4220000e+03
   9.4320000e+03
   9.4420000e+03
   9.5050000e+03
   9.5100000e+03
   9.5250000e+03
   9.6240000e+03
   9.6340000e+03
   9.6430000e+03
   9.6610000e+03
   1.0008000e+04
   1.0038000e+04
