   1.3000000e+02
   1.3800000e+02
   1.4800000e+02
   1.5400000e+02
   1.6100000e+02
   1.6900000e+02
   1.7500000e+02
   1.8100000e+02
   1.8600000e+02
   1.8900000e+02
   1.9300000e+02
   2.0000000e+02
   2.0600000e+02
   2.1400000e+02
   2.2100000e+02
   2.3400000e+02
   3.8400000e+02
   3.9100000e+02
   4.0200000e+02
   4.1700000e+02
   4.2900000e+02
   4.3500000e+02
   4.4300000e+02
   4.5200000e+02
   4.5500000e+02
   4.6500000e+02
   4.7600000e+02
   4.8500000e+02
   5.0300000e+02
   5.2400000e+02
   5.4200000e+02
   5.5700000e+02
   5.7700000e+02
   5.9400000e+02
   6.4300000e+02
   7.0900000e+02
   8.6800000e+02
   8.8400000e+02
   8.9300000e+02
   8.9900000e+02
   9.0400000e+02
   9.0900000e+02
   9.1300000e+02
   9.1900000e+02
   9.2600000e+02
   9.3000000e+02
   9.4200000e+02
   9.5400000e+02
   9.6400000e+02
   9.7900000e+02
   9.9500000e+02
   1.2100000e+03
   1.2390000e+03
   1.2440000e+03
   1.2490000e+03
   1.2570000e+03
   1.2610000e+03
   1.2750000e+03
   1.3690000e+03
   1.3770000e+03
   1.3870000e+03
   1.4240000e+03
   1.4470000e+03
   1.4600000e+03
   1.4970000e+03
   1.5160000e+03
   1.5730000e+03
   1.5850000e+03
   1.9530000e+03
   1.9590000e+03
   1.9680000e+03
   1.9790000e+03
   1.9880000e+03
   1.9930000e+03
   1.9980000e+03
   2.0060000e+03
   2.0120000e+03
   2.0220000e+03
   2.0290000e+03
   2.0380000e+03
   2.0550000e+03
   2.0670000e+03
   2.0780000e+03
   2.0850000e+03
   2.0990000e+03
   2.1070000e+03
   2.1120000e+03
   2.1170000e+03
   2.1260000e+03
   2.1300000e+03
   2.1420000e+03
   2.1530000e+03
   2.1620000e+03
   2.1770000e+03
   2.1870000e+03
   2.1920000e+03
   2.2050000e+03
   2.2180000e+03
   2.2370000e+03
   2.2670000e+03
   2.2760000e+03
   2.2870000e+03
   2.2950000e+03
   2.3070000e+03
   2.3130000e+03
   2.3230000e+03
   2.3360000e+03
   2.3510000e+03
   2.3600000e+03
   2.3700000e+03
   2.3860000e+03
   2.3970000e+03
   2.4170000e+03
   2.4410000e+03
   2.5330000e+03
   2.5500000e+03
   2.5560000e+03
   2.5660000e+03
   2.5930000e+03
   2.6170000e+03
   2.6370000e+03
   2.6470000e+03
   2.6560000e+03
   2.6830000e+03
   2.7110000e+03
   2.7370000e+03
   2.7460000e+03
   2.7620000e+03
   2.7780000e+03
   2.7870000e+03
   2.8080000e+03
   2.8230000e+03
   2.8530000e+03
   2.8760000e+03
   2.8930000e+03
   3.0820000e+03
   3.0990000e+03
   3.1090000e+03
   3.1180000e+03
   3.1310000e+03
   3.1480000e+03
   3.1580000e+03
   3.1720000e+03
   3.1890000e+03
   3.2150000e+03
   3.2220000e+03
   3.2290000e+03
   3.2410000e+03
   3.2540000e+03
   3.2710000e+03
   3.2790000e+03
   3.2880000e+03
   3.3050000e+03
   3.3150000e+03
   3.3310000e+03
   3.3470000e+03
   3.3580000e+03
   3.3640000e+03
   3.3810000e+03
   3.3900000e+03
   3.4010000e+03
   3.4220000e+03
   3.4410000e+03
   3.4590000e+03
   3.4840000e+03
   3.5280000e+03
   3.5360000e+03
   3.5480000e+03
   3.8040000e+03
   3.8110000e+03
   3.8160000e+03
   3.8250000e+03
   3.8350000e+03
   3.8480000e+03
   3.8710000e+03
   3.8900000e+03
   3.9250000e+03
   3.9480000e+03
   3.9770000e+03
   4.0040000e+03
   4.0150000e+03
   4.0250000e+03
   4.0390000e+03
   4.0600000e+03
   4.0750000e+03
   4.0840000e+03
   4.1050000e+03
   4.1160000e+03
   4.1240000e+03
   4.1320000e+03
   4.1410000e+03
   4.1490000e+03
   4.1880000e+03
   4.2130000e+03
   4.2250000e+03
   4.2340000e+03
   4.2490000e+03
   4.2610000e+03
   4.2760000e+03
   4.2810000e+03
   4.2900000e+03
   4.3090000e+03
   4.4410000e+03
   4.4570000e+03
   4.4660000e+03
   4.4740000e+03
   4.4900000e+03
   4.5040000e+03
   4.5240000e+03
   4.5390000e+03
   4.5540000e+03
   4.5840000e+03
   4.6430000e+03
   4.6530000e+03
   4.6610000e+03
   4.6720000e+03
   4.6810000e+03
   4.7040000e+03
   4.7180000e+03
   4.7850000e+03
   4.7920000e+03
   4.8020000e+03
   4.8090000e+03
   4.8230000e+03
   4.8320000e+03
   4.8510000e+03
   4.8620000e+03
   4.8720000e+03
   4.8850000e+03
   4.9100000e+03
   4.9520000e+03
   5.2850000e+03
   5.2910000e+03
   5.3240000e+03
   5.3360000e+03
   5.3890000e+03
   5.4010000e+03
   5.4980000e+03
   5.5180000e+03
   5.5250000e+03
   5.5350000e+03
   5.5390000e+03
   5.5460000e+03
   5.5510000e+03
   5.5610000e+03
   5.5680000e+03
   5.5720000e+03
   5.5790000e+03
   5.5880000e+03
   5.5970000e+03
   5.6050000e+03
   5.6150000e+03
   5.6260000e+03
   5.6360000e+03
   5.6490000e+03
   5.6710000e+03
   5.7270000e+03
   5.7560000e+03
   5.7800000e+03
   5.7870000e+03
   5.7980000e+03
   5.8050000e+03
   5.8260000e+03
   5.8440000e+03
   5.8540000e+03
   5.8660000e+03
   5.8800000e+03
   5.9110000e+03
   5.9470000e+03
   5.9860000e+03
   6.0730000e+03
   6.1100000e+03
   6.1650000e+03
   6.1880000e+03
   6.2120000e+03
   6.3590000e+03
   6.4090000e+03
   6.4260000e+03
   6.5720000e+03
   6.6860000e+03
   6.7050000e+03
   6.8100000e+03
   6.8300000e+03
   6.8420000e+03
   6.8500000e+03
   6.8570000e+03
   6.8640000e+03
   6.8700000e+03
   6.8760000e+03
   6.8820000e+03
   6.8890000e+03
   6.8960000e+03
   6.9040000e+03
   6.9200000e+03
   6.9300000e+03
   6.9530000e+03
   6.9760000e+03
   6.9950000e+03
   7.0450000e+03
   7.0670000e+03
   7.0770000e+03
   7.0860000e+03
   7.0980000e+03
   7.3100000e+03
   7.3310000e+03
   7.3570000e+03
   7.6510000e+03
   7.7720000e+03
   7.9900000e+03
   8.0020000e+03
   8.0330000e+03
   8.0450000e+03
   8.0660000e+03
   8.0750000e+03
   8.0840000e+03
   8.0980000e+03
   8.1060000e+03
   8.1210000e+03
   8.1280000e+03
   8.1370000e+03
   8.1460000e+03
   8.1580000e+03
   8.1700000e+03
   8.1750000e+03
   8.1900000e+03
   8.2020000e+03
   8.2110000e+03
   8.2160000e+03
   8.2240000e+03
   8.2330000e+03
   8.2450000e+03
   8.2620000e+03
   8.2760000e+03
   8.2950000e+03
   8.3070000e+03
   8.3210000e+03
   8.3390000e+03
   8.3620000e+03
   8.3810000e+03
   8.3890000e+03
   8.4020000e+03
   8.4160000e+03
   8.4290000e+03
   8.4520000e+03
   8.4680000e+03
   8.4910000e+03
   8.5090000e+03
   8.5240000e+03
   8.6760000e+03
   8.7500000e+03
   9.1610000e+03
   9.1970000e+03
   9.2160000e+03
   9.2320000e+03
   9.2410000e+03
   9.2530000e+03
   9.2610000e+03
   9.2700000e+03
   9.2820000e+03
   9.3000000e+03
   9.3130000e+03
   9.3350000e+03
   9.3450000e+03
   9.3520000e+03
   9.3600000e+03
   9.3680000e+03
   9.3800000e+03
   9.3960000e+03
   9.4130000e+03
   9.4220000e+03
   9.4280000e+03
   9.4390000e+03
   9.4490000e+03
   9.4600000e+03
   9.4760000e+03
   9.4910000e+03
   9.5030000e+03
   9.5190000e+03
   9.5490000e+03
   9.5890000e+03
   9.6010000e+03
   9.6490000e+03
   9.6600000e+03
   9.6700000e+03
   9.6800000e+03
   9.6910000e+03
   9.7930000e+03
   9.7980000e+03
   9.8110000e+03
   9.8180000e+03
   9.8270000e+03
   9.8460000e+03
   9.8600000e+03
   9.8850000e+03
   9.9140000e+03
   9.9430000e+03
   9.9540000e+03
   9.9830000e+03
