   1.3900000e+02
   1.5100000e+02
   1.5700000e+02
   1.6800000e+02
   1.7300000e+02
   1.7700000e+02
   1.8300000e+02
   1.9500000e+02
   2.0400000e+02
   2.1700000e+02
   2.3100000e+02
   3.9100000e+02
   3.9900000e+02
   4.1900000e+02
   4.3900000e+02
   4.4800000e+02
   4.5300000e+02
   4.6000000e+02
   4.7000000e+02
   4.9000000e+02
   5.1800000e+02
   5.4300000e+02
   5.6300000e+02
   5.7600000e+02
   8.7800000e+02
   8.8700000e+02
   8.9600000e+02
   9.0300000e+02
   9.1000000e+02
   9.1800000e+02
   9.2600000e+02
   9.3500000e+02
   9.4200000e+02
   9.7800000e+02
   1.2130000e+03
   1.2330000e+03
   1.2440000e+03
   1.2490000e+03
   1.2580000e+03
   1.2680000e+03
   1.2820000e+03
   1.3980000e+03
   1.4690000e+03
   1.4830000e+03
   1.5140000e+03
   1.5890000e+03
   1.9500000e+03
   1.9540000e+03
   1.9670000e+03
   1.9770000e+03
   1.9830000e+03
   1.9880000e+03
   1.9960000e+03
   2.0040000e+03
   2.0120000e+03
   2.0290000e+03
   2.0450000e+03
   2.0610000e+03
   2.1060000e+03
   2.1100000e+03
   2.1230000e+03
   2.1360000e+03
   2.1650000e+03
   2.1830000e+03
   2.1870000e+03
   2.1990000e+03
   2.2070000e+03
   2.2210000e+03
   2.2440000e+03
   2.2630000e+03
   2.2740000e+03
   2.2850000e+03
   2.2980000e+03
   2.3060000e+03
   2.3140000e+03
   2.3260000e+03
   2.3380000e+03
   2.3480000e+03
   2.3600000e+03
   2.3710000e+03
   2.4130000e+03
   2.4450000e+03
   2.5510000e+03
   2.5560000e+03
   2.5700000e+03
   2.6140000e+03
   2.6260000e+03
   2.6350000e+03
   2.6590000e+03
   2.6850000e+03
   2.7440000e+03
   2.7500000e+03
   2.7890000e+03
   2.8830000e+03
   3.0950000e+03
   3.1020000e+03
   3.1120000e+03
   3.1250000e+03
   3.1530000e+03
   3.1890000e+03
   3.2320000e+03
   3.2430000e+03
   3.2570000e+03
   3.2680000e+03
   3.2810000e+03
   3.2900000e+03
   3.3060000e+03
   3.3210000e+03
   3.3430000e+03
   3.3540000e+03
   3.3640000e+03
   3.3770000e+03
   3.3810000e+03
   3.3900000e+03
   3.4050000e+03
   3.4220000e+03
   3.4520000e+03
   3.4780000e+03
   3.5000000e+03
   3.5260000e+03
   3.5370000e+03
   3.5430000e+03
   3.5690000e+03
   3.7960000e+03
   3.8000000e+03
   3.8070000e+03
   3.8180000e+03
   3.8360000e+03
   3.8430000e+03
   3.8580000e+03
   3.8840000e+03
   3.9250000e+03
   3.9460000e+03
   4.0090000e+03
   4.0150000e+03
   4.0270000e+03
   4.0480000e+03
   4.0610000e+03
   4.0750000e+03
   4.0900000e+03
   4.1070000e+03
   4.1130000e+03
   4.1270000e+03
   4.1440000e+03
   4.1560000e+03
   4.2150000e+03
   4.2270000e+03
   4.2410000e+03
   4.2530000e+03
   4.2690000e+03
   4.2800000e+03
   4.2930000e+03
   4.3070000e+03
   4.4380000e+03
   4.4500000e+03
   4.4610000e+03
   4.4710000e+03
   4.4860000e+03
   4.5030000e+03
   4.5460000e+03
   4.5660000e+03
   4.6300000e+03
   4.6430000e+03
   4.6610000e+03
   4.6670000e+03
   4.6950000e+03
   4.7870000e+03
   4.7900000e+03
   4.7970000e+03
   4.8080000e+03
   4.8170000e+03
   4.8310000e+03
   4.8380000e+03
   4.8590000e+03
   4.8770000e+03
   4.8910000e+03
   4.9540000e+03
   5.0520000e+03
   5.0560000e+03
   5.0630000e+03
   5.0720000e+03
   5.0790000e+03
   5.0850000e+03
   5.0960000e+03
   5.1040000e+03
   5.1090000e+03
   5.1170000e+03
   5.1280000e+03
   5.1380000e+03
   5.1580000e+03
   5.1710000e+03
   5.1960000e+03
   5.2190000e+03
   5.2340000e+03
   5.2500000e+03
   5.2750000e+03
   5.3200000e+03
   5.3410000e+03
   5.5880000e+03
   5.5970000e+03
   5.7250000e+03
   5.7530000e+03
   5.7680000e+03
   5.7850000e+03
   5.7970000e+03
   5.8050000e+03
   5.8240000e+03
   5.8320000e+03
   5.8490000e+03
   5.8590000e+03
   5.8820000e+03
   5.8970000e+03
   5.9100000e+03
   5.9900000e+03
   5.9960000e+03
   6.0140000e+03
   6.0290000e+03
   6.0540000e+03
   6.0650000e+03
   6.0760000e+03
   6.0910000e+03
   6.1030000e+03
   6.1160000e+03
   6.1350000e+03
   6.1610000e+03
   6.1920000e+03
   6.1990000e+03
   6.2190000e+03
   6.2310000e+03
   6.2660000e+03
   6.2940000e+03
   6.3090000e+03
   6.3390000e+03
   6.3490000e+03
   6.3630000e+03
   6.3710000e+03
   6.3960000e+03
   6.4080000e+03
   6.4290000e+03
   6.4470000e+03
   6.4530000e+03
   6.4660000e+03
   6.4730000e+03
   6.4920000e+03
   6.5000000e+03
   6.6130000e+03
   6.7600000e+03
   6.7670000e+03
   6.9250000e+03
   6.9460000e+03
   6.9530000e+03
   6.9690000e+03
   6.9750000e+03
   6.9980000e+03
   7.0140000e+03
   7.0530000e+03
   7.0790000e+03
   7.0910000e+03
   7.1050000e+03
   7.1270000e+03
   7.1610000e+03
   7.1670000e+03
   7.1750000e+03
   7.1850000e+03
   7.2070000e+03
   7.3260000e+03
   7.3430000e+03
   7.4080000e+03
   7.4310000e+03
   7.4410000e+03
   7.4500000e+03
   7.4630000e+03
   7.4730000e+03
   7.4870000e+03
   7.5200000e+03
   7.5490000e+03
   7.5650000e+03
   7.5730000e+03
   7.8860000e+03
   7.9030000e+03
   7.9440000e+03
   7.9990000e+03
   8.0110000e+03
   8.0530000e+03
   8.0590000e+03
   8.0680000e+03
   8.0790000e+03
   8.0890000e+03
   8.0940000e+03
   8.1020000e+03
   8.1140000e+03
   8.1280000e+03
   8.1500000e+03
   8.2310000e+03
   8.2460000e+03
   8.2610000e+03
   8.2800000e+03
   8.3030000e+03
   8.5740000e+03
   8.5820000e+03
   8.5920000e+03
   8.6500000e+03
   8.6580000e+03
   8.6680000e+03
   8.6830000e+03
   8.6950000e+03
   8.7080000e+03
   8.7170000e+03
   8.7580000e+03
   9.1750000e+03
   9.1830000e+03
   9.1910000e+03
   9.1990000e+03
   9.2040000e+03
   9.2080000e+03
   9.2170000e+03
   9.2260000e+03
   9.2390000e+03
   9.2510000e+03
   9.2580000e+03
   9.2640000e+03
   9.2720000e+03
   9.2780000e+03
   9.2830000e+03
   9.2870000e+03
   9.2940000e+03
   9.3090000e+03
   9.3180000e+03
   9.3270000e+03
   9.3390000e+03
   9.3490000e+03
   9.3580000e+03
   9.3750000e+03
   9.3950000e+03
   9.4160000e+03
   9.4330000e+03
   9.4450000e+03
   9.4670000e+03
   9.5190000e+03
   9.5250000e+03
   9.5310000e+03
   9.5450000e+03
   9.5570000e+03
   9.5710000e+03
   9.6320000e+03
   9.6470000e+03
   9.6610000e+03
   9.9680000e+03
   9.9790000e+03
   9.9890000e+03
   9.9940000e+03
   1.0005000e+04
   1.0023000e+04
