   1.4000000e+02
   1.4700000e+02
   1.5900000e+02
   1.6600000e+02
   1.7100000e+02
   1.7600000e+02
   1.8500000e+02
   1.8900000e+02
   2.0200000e+02
   2.1500000e+02
   2.5000000e+02
   3.9800000e+02
   4.2300000e+02
   4.3600000e+02
   4.4700000e+02
   4.5400000e+02
   4.6500000e+02
   4.9400000e+02
   5.2700000e+02
   5.5400000e+02
   5.8900000e+02
   6.9900000e+02
   8.8400000e+02
   8.9100000e+02
   9.0300000e+02
   9.0800000e+02
   9.1500000e+02
   9.2000000e+02
   9.2600000e+02
   9.4400000e+02
   1.2030000e+03
   1.2180000e+03
   1.2440000e+03
   1.2490000e+03
   1.2570000e+03
   1.2700000e+03
   1.4130000e+03
   1.4960000e+03
   1.5790000e+03
   1.5880000e+03
   1.9490000e+03
   1.9630000e+03
   1.9750000e+03
   1.9910000e+03
   1.9970000e+03
   2.0050000e+03
   2.0180000e+03
   2.0450000e+03
   2.0650000e+03
   2.0990000e+03
   2.1090000e+03
   2.1180000e+03
   2.1300000e+03
   2.1480000e+03
   2.1750000e+03
   2.1880000e+03
   2.1930000e+03
   2.2070000e+03
   2.2290000e+03
   2.2570000e+03
   2.2670000e+03
   2.2810000e+03
   2.2920000e+03
   2.3030000e+03
   2.3130000e+03
   2.3230000e+03
   2.3300000e+03
   2.3450000e+03
   2.3550000e+03
   2.3710000e+03
   2.3840000e+03
   2.4030000e+03
   2.4200000e+03
   2.5600000e+03
   2.5700000e+03
   2.6130000e+03
   2.6290000e+03
   2.6400000e+03
   2.6550000e+03
   2.6640000e+03
   2.6790000e+03
   2.7530000e+03
   2.7620000e+03
   2.7830000e+03
   2.8040000e+03
   2.9650000e+03
   3.0890000e+03
   3.0970000e+03
   3.1070000e+03
   3.1180000e+03
   3.1530000e+03
   3.2210000e+03
   3.2370000e+03
   3.2520000e+03
   3.2710000e+03
   3.2880000e+03
   3.3070000e+03
   3.3240000e+03
   3.3440000e+03
   3.3550000e+03
   3.3660000e+03
   3.3770000e+03
   3.3850000e+03
   3.4020000e+03
   3.4230000e+03
   3.4370000e+03
   3.4490000e+03
   3.4620000e+03
   3.5090000e+03
   3.5200000e+03
   3.5380000e+03
   3.8090000e+03
   3.8120000e+03
   3.8230000e+03
   3.8320000e+03
   3.8510000e+03
   3.8740000e+03
   4.0090000e+03
   4.0180000e+03
   4.0370000e+03
   4.0520000e+03
   4.1000000e+03
   4.1140000e+03
   4.1270000e+03
   4.1400000e+03
   4.1550000e+03
   4.2140000e+03
   4.2240000e+03
   4.2390000e+03
   4.2660000e+03
   4.2800000e+03
   4.3000000e+03
   4.3270000e+03
   4.4420000e+03
   4.4520000e+03
   4.4630000e+03
   4.4730000e+03
   4.4900000e+03
   4.4970000e+03
   4.5350000e+03
   4.5590000e+03
   4.6500000e+03
   4.6640000e+03
   4.6780000e+03
   4.7860000e+03
   4.7950000e+03
   4.8080000e+03
   4.8130000e+03
   4.8210000e+03
   4.8320000e+03
   4.8430000e+03
   4.8570000e+03
   4.8650000e+03
   4.8840000e+03
   5.0560000e+03
   5.0620000e+03
   5.0670000e+03
   5.0750000e+03
   5.0800000e+03
   5.0890000e+03
   5.0990000e+03
   5.1120000e+03
   5.1280000e+03
   5.1420000e+03
   5.1530000e+03
   5.1640000e+03
   5.1750000e+03
   5.1820000e+03
   5.2070000e+03
   5.2150000e+03
   5.2300000e+03
   5.2520000e+03
   5.2780000e+03
   5.3300000e+03
   5.3380000e+03
   5.4180000e+03
   5.4380000e+03
   5.4480000e+03
   5.4770000e+03
   5.4950000e+03
   5.5090000e+03
   5.5310000e+03
   5.5430000e+03
   5.7890000e+03
   5.8070000e+03
   5.8250000e+03
   5.8360000e+03
   5.8420000e+03
   5.8530000e+03
   5.8590000e+03
   5.8650000e+03
   5.8770000e+03
   5.8870000e+03
   5.8980000e+03
   5.9110000e+03
   5.9260000e+03
   5.9480000e+03
   6.0380000e+03
   6.0530000e+03
   6.0770000e+03
   6.0940000e+03
   6.1090000e+03
   6.1260000e+03
   6.1720000e+03
   6.1920000e+03
   6.2110000e+03
   6.2340000e+03
   6.2450000e+03
   6.2570000e+03
   6.2800000e+03
   6.3720000e+03
   6.3930000e+03
   6.4090000e+03
   6.4170000e+03
   6.4440000e+03
   6.4530000e+03
   6.4650000e+03
   6.4760000e+03
   6.4890000e+03
   6.5040000e+03
   6.5100000e+03
   6.5430000e+03
   6.5570000e+03
   6.5770000e+03
   6.6000000e+03
   6.6370000e+03
   6.6480000e+03
   6.6620000e+03
   6.6930000e+03
   7.2790000e+03
   7.2880000e+03
   7.3000000e+03
   7.3310000e+03
   7.3490000e+03
   7.3880000e+03
   7.3940000e+03
   7.4170000e+03
   7.4330000e+03
   7.4510000e+03
   7.4630000e+03
   7.4730000e+03
   7.4880000e+03
   7.4980000e+03
   7.5070000e+03
   7.5220000e+03
   7.5280000e+03
   7.5330000e+03
   7.5370000e+03
   7.5450000e+03
   7.5580000e+03
   7.5690000e+03
   7.5800000e+03
   7.5950000e+03
   7.6100000e+03
   7.6250000e+03
   7.6530000e+03
   7.8340000e+03
   7.8560000e+03
   7.8660000e+03
   7.8790000e+03
   7.9080000e+03
   7.9310000e+03
   7.9420000e+03
   7.9610000e+03
   7.9740000e+03
   7.9870000e+03
   8.0000000e+03
   8.0210000e+03
   8.0380000e+03
   8.0520000e+03
   8.0730000e+03
   8.1040000e+03
   8.1370000e+03
   8.1750000e+03
   8.2060000e+03
   8.2230000e+03
   8.2410000e+03
   8.2680000e+03
   8.2920000e+03
   8.3120000e+03
   8.3680000e+03
   8.5610000e+03
   8.6000000e+03
   8.6430000e+03
   8.6830000e+03
   8.7110000e+03
   8.7180000e+03
   8.7400000e+03
   8.7610000e+03
   8.7770000e+03
   8.7900000e+03
   8.8090000e+03
   8.8190000e+03
   8.8320000e+03
   8.8470000e+03
   8.8580000e+03
   8.9070000e+03
   9.0140000e+03
   9.0320000e+03
   9.0440000e+03
   9.0830000e+03
   9.2520000e+03
   9.2730000e+03
   9.2870000e+03
   9.2960000e+03
   9.3060000e+03
   9.3290000e+03
   9.3430000e+03
   9.3570000e+03
   9.3710000e+03
   9.3770000e+03
   9.3940000e+03
   9.3990000e+03
   9.4090000e+03
   9.4300000e+03
   9.4410000e+03
   9.4550000e+03
   9.4930000e+03
   9.5140000e+03
   9.5650000e+03
   9.5900000e+03
   9.5990000e+03
   9.6160000e+03
   9.6240000e+03
   9.6310000e+03
   9.6380000e+03
   9.6460000e+03
   9.6570000e+03
   9.6670000e+03
   9.6810000e+03
   9.6980000e+03
   9.7090000e+03
   9.7250000e+03
   9.7520000e+03
   9.7690000e+03
   9.7760000e+03
   9.8000000e+03
   9.8190000e+03
   1.0001000e+04
