   9.8000000e+01
   1.2300000e+02
   1.3800000e+02
   1.5200000e+02
   1.5900000e+02
   1.6300000e+02
   1.6700000e+02
   1.7200000e+02
   1.7700000e+02
   1.8100000e+02
   1.8700000e+02
   1.9100000e+02
   1.9500000e+02
   1.9900000e+02
   2.0400000e+02
   2.1400000e+02
   2.2900000e+02
   2.4200000e+02
   2.7600000e+02
   3.8500000e+02
   3.9700000e+02
   4.0900000e+02
   4.2200000e+02
   4.3300000e+02
   4.4400000e+02
   4.4900000e+02
   4.6200000e+02
   4.7000000e+02
   4.8300000e+02
   4.9300000e+02
   5.2200000e+02
   5.4500000e+02
   5.5500000e+02
   5.7300000e+02
   5.9200000e+02
   6.2900000e+02
   6.4200000e+02
   6.9800000e+02
   8.6500000e+02
   8.8000000e+02
   8.8500000e+02
   8.9800000e+02
   9.0700000e+02
   9.1000000e+02
   9.1500000e+02
   9.1900000e+02
   9.2600000e+02
   9.3000000e+02
   9.3800000e+02
   9.5400000e+02
   9.6900000e+02
   9.9500000e+02
   1.2050000e+03
   1.2200000e+03
   1.2330000e+03
   1.2390000e+03
   1.2480000e+03
   1.2520000e+03
   1.2580000e+03
   1.2640000e+03
   1.2770000e+03
   1.3040000e+03
   1.3830000e+03
   1.3900000e+03
   1.4100000e+03
   1.4290000e+03
   1.4390000e+03
   1.4600000e+03
   1.4950000e+03
   1.5120000e+03
   1.5650000e+03
   1.5780000e+03
   1.5870000e+03
   1.9380000e+03
   1.9480000e+03
   1.9610000e+03
   1.9680000e+03
   1.9750000e+03
   1.9820000e+03
   1.9900000e+03
   1.9950000e+03
   2.0000000e+03
   2.0070000e+03
   2.0120000e+03
   2.0220000e+03
   2.0270000e+03
   2.0340000e+03
   2.0440000e+03
   2.0550000e+03
   2.0680000e+03
   2.0850000e+03
   2.1010000e+03
   2.1100000e+03
   2.1180000e+03
   2.1310000e+03
   2.1360000e+03
   2.1560000e+03
   2.1690000e+03
   2.1810000e+03
   2.1890000e+03
   2.1960000e+03
   2.2100000e+03
   2.2300000e+03
   2.2450000e+03
   2.2580000e+03
   2.2690000e+03
   2.2780000e+03
   2.2890000e+03
   2.2960000e+03
   2.3050000e+03
   2.3140000e+03
   2.3210000e+03
   2.3300000e+03
   2.3400000e+03
   2.3500000e+03
   2.3630000e+03
   2.3730000e+03
   2.3920000e+03
   2.4090000e+03
   2.4280000e+03
   2.5550000e+03
   2.5650000e+03
   2.5920000e+03
   2.6140000e+03
   2.6240000e+03
   2.6340000e+03
   2.6440000e+03
   2.6550000e+03
   2.6660000e+03
   2.6800000e+03
   2.7020000e+03
   2.7440000e+03
   2.7490000e+03
   2.7710000e+03
   2.7850000e+03
   2.8200000e+03
   2.8280000e+03
   2.8640000e+03
   2.8720000e+03
   2.8820000e+03
   3.0790000e+03
   3.0860000e+03
   3.0960000e+03
   3.1060000e+03
   3.1130000e+03
   3.1190000e+03
   3.1350000e+03
   3.1580000e+03
   3.1660000e+03
   3.1820000e+03
   3.2060000e+03
   3.2190000e+03
   3.2330000e+03
   3.2470000e+03
   3.2670000e+03
   3.2820000e+03
   3.2950000e+03
   3.3070000e+03
   3.3230000e+03
   3.3330000e+03
   3.3510000e+03
   3.3610000e+03
   3.3770000e+03
   3.3870000e+03
   3.3990000e+03
   3.4090000e+03
   3.4180000e+03
   3.4340000e+03
   3.4430000e+03
   3.4510000e+03
   3.4740000e+03
   3.5180000e+03
   3.5270000e+03
   3.5360000e+03
   3.5510000e+03
   3.5830000e+03
   3.8070000e+03
   3.8130000e+03
   3.8160000e+03
   3.8220000e+03
   3.8300000e+03
   3.8400000e+03
   3.8510000e+03
   3.8590000e+03
   3.8740000e+03
   3.8900000e+03
   3.9160000e+03
   3.9350000e+03
   3.9450000e+03
   3.9620000e+03
   4.0030000e+03
   4.0130000e+03
   4.0180000e+03
   4.0260000e+03
   4.0360000e+03
   4.0470000e+03
   4.0710000e+03
   4.0940000e+03
   4.1120000e+03
   4.1210000e+03
   4.1310000e+03
   4.1400000e+03
   4.1510000e+03
   4.1640000e+03
   4.1830000e+03
   4.2080000e+03
   4.2200000e+03
   4.2370000e+03
   4.2500000e+03
   4.2620000e+03
   4.2730000e+03
   4.2830000e+03
   4.3000000e+03
   4.3160000e+03
   4.3350000e+03
   4.4420000e+03
   4.4510000e+03
   4.4560000e+03
   4.4640000e+03
   4.4710000e+03
   4.4820000e+03
   4.4930000e+03
   4.5100000e+03
   4.5350000e+03
   4.5520000e+03
   4.5850000e+03
   4.6260000e+03
   4.6390000e+03
   4.6590000e+03
   4.6710000e+03
   4.6830000e+03
   4.6990000e+03
   4.7850000e+03
   4.8000000e+03
   4.8090000e+03
   4.8210000e+03
   4.8320000e+03
   4.8430000e+03
   4.8590000e+03
   4.8680000e+03
   4.8750000e+03
   4.8850000e+03
   5.0630000e+03
   5.0790000e+03
   5.0950000e+03
   5.1160000e+03
   5.1240000e+03
   5.1470000e+03
   5.1730000e+03
   5.1950000e+03
   5.2450000e+03
   5.2590000e+03
   5.2750000e+03
   5.3510000e+03
   5.4260000e+03
   5.4370000e+03
   5.4560000e+03
   5.4680000e+03
   5.4800000e+03
   5.4890000e+03
   5.4960000e+03
   5.5160000e+03
   5.5310000e+03
   5.5470000e+03
   5.5700000e+03
   5.5860000e+03
   5.6080000e+03
   5.6160000e+03
   5.6330000e+03
   5.6500000e+03
   5.6570000e+03
   5.6690000e+03
   5.6780000e+03
   5.6920000e+03
   5.7050000e+03
   5.7150000e+03
   5.7320000e+03
   5.7530000e+03
   5.7620000e+03
   5.7790000e+03
   5.7930000e+03
   5.8190000e+03
   5.8550000e+03
   6.1270000e+03
   6.1940000e+03
   6.2290000e+03
   6.2630000e+03
   6.3320000e+03
   6.8490000e+03
   6.8600000e+03
   6.8740000e+03
   6.8830000e+03
   6.8930000e+03
   6.9030000e+03
   6.9120000e+03
   6.9300000e+03
   6.9470000e+03
   6.9630000e+03
   6.9900000e+03
   7.4270000e+03
   7.5030000e+03
   7.5130000e+03
   7.5180000e+03
   7.5420000e+03
   7.5680000e+03
   7.6710000e+03
   7.6790000e+03
   7.7840000e+03
   7.8210000e+03
   7.8670000e+03
   7.9890000e+03
   8.0010000e+03
   8.0060000e+03
   8.0160000e+03
   8.0230000e+03
   8.0330000e+03
   8.0480000e+03
   8.0720000e+03
   8.3220000e+03
   8.3350000e+03
   8.3570000e+03
   8.3720000e+03
   8.4300000e+03
   8.4410000e+03
   8.4590000e+03
   8.4680000e+03
   8.4800000e+03
   8.4860000e+03
   8.4910000e+03
   8.4980000e+03
   8.5060000e+03
   8.5130000e+03
   8.5250000e+03
   8.5310000e+03
   8.5440000e+03
   8.5630000e+03
   8.7580000e+03
   8.7690000e+03
   9.0450000e+03
   9.1590000e+03
   9.2320000e+03
   9.2520000e+03
   9.2730000e+03
   9.3200000e+03
   9.3690000e+03
   9.3800000e+03
   9.3960000e+03
   9.4080000e+03
   9.4210000e+03
   9.4270000e+03
   9.4380000e+03
   9.4440000e+03
   9.4560000e+03
   9.4660000e+03
   9.4790000e+03
   9.4880000e+03
   9.5000000e+03
   9.5130000e+03
   9.5270000e+03
   9.5390000e+03
   9.5610000e+03
   9.5730000e+03
   9.5900000e+03
   9.6070000e+03
   9.8240000e+03
   9.8290000e+03
   9.8440000e+03
   9.8610000e+03
   9.9020000e+03
   9.9120000e+03
   9.9190000e+03
   9.9340000e+03
   9.9400000e+03
   9.9490000e+03
   9.9610000e+03
   9.9740000e+03
   9.9910000e+03
   1.0010000e+04
   1.0025000e+04
