   1.3900000e+02
   1.5600000e+02
   1.6200000e+02
   1.7000000e+02
   1.7900000e+02
   1.8600000e+02
   1.9100000e+02
   1.9700000e+02
   2.1400000e+02
   2.2400000e+02
   3.9100000e+02
   4.1400000e+02
   4.2900000e+02
   4.4300000e+02
   4.5100000e+02
   4.5800000e+02
   4.6400000e+02
   4.7300000e+02
   4.9900000e+02
   5.2800000e+02
   5.5800000e+02
   5.7300000e+02
   8.6500000e+02
   8.8100000e+02
   8.9300000e+02
   9.0100000e+02
   9.0600000e+02
   9.1300000e+02
   9.1800000e+02
   9.2500000e+02
   9.3200000e+02
   9.4200000e+02
   9.6100000e+02
   1.2020000e+03
   1.2270000e+03
   1.2440000e+03
   1.2510000e+03
   1.2570000e+03
   1.2700000e+03
   1.2790000e+03
   1.3980000e+03
   1.4460000e+03
   1.4610000e+03
   1.5030000e+03
   1.5680000e+03
   1.5720000e+03
   1.5870000e+03
   1.9480000e+03
   1.9590000e+03
   1.9700000e+03
   1.9780000e+03
   1.9840000e+03
   1.9910000e+03
   1.9990000e+03
   2.0070000e+03
   2.0270000e+03
   2.0430000e+03
   2.0680000e+03
   2.0800000e+03
   2.0970000e+03
   2.1030000e+03
   2.1130000e+03
   2.1240000e+03
   2.1390000e+03
   2.1600000e+03
   2.1740000e+03
   2.1890000e+03
   2.1970000e+03
   2.2110000e+03
   2.2230000e+03
   2.2490000e+03
   2.2620000e+03
   2.2690000e+03
   2.2820000e+03
   2.2880000e+03
   2.3020000e+03
   2.3110000e+03
   2.3220000e+03
   2.3250000e+03
   2.3360000e+03
   2.3530000e+03
   2.3610000e+03
   2.3780000e+03
   2.3900000e+03
   2.4330000e+03
   2.5520000e+03
   2.5590000e+03
   2.5670000e+03
   2.5900000e+03
   2.6030000e+03
   2.6300000e+03
   2.6410000e+03
   2.6530000e+03
   2.6670000e+03
   2.6930000e+03
   2.7400000e+03
   2.7610000e+03
   2.7700000e+03
   2.7760000e+03
   2.7960000e+03
   2.8280000e+03
   2.8840000e+03
   2.9690000e+03
   3.0910000e+03
   3.0990000e+03
   3.1060000e+03
   3.1160000e+03
   3.1310000e+03
   3.1440000e+03
   3.1790000e+03
   3.2010000e+03
   3.2150000e+03
   3.2260000e+03
   3.2440000e+03
   3.2580000e+03
   3.2780000e+03
   3.2900000e+03
   3.2970000e+03
   3.3120000e+03
   3.3230000e+03
   3.3330000e+03
   3.3590000e+03
   3.3720000e+03
   3.3820000e+03
   3.3860000e+03
   3.3980000e+03
   3.4130000e+03
   3.4250000e+03
   3.4400000e+03
   3.4540000e+03
   3.5230000e+03
   3.5310000e+03
   3.5360000e+03
   3.5470000e+03
   3.7980000e+03
   3.8030000e+03
   3.8110000e+03
   3.8170000e+03
   3.8290000e+03
   3.8600000e+03
   3.8890000e+03
   3.9420000e+03
   3.9630000e+03
   4.0050000e+03
   4.0130000e+03
   4.0240000e+03
   4.0330000e+03
   4.0580000e+03
   4.0760000e+03
   4.0970000e+03
   4.1180000e+03
   4.1280000e+03
   4.1350000e+03
   4.1560000e+03
   4.1760000e+03
   4.2230000e+03
   4.2310000e+03
   4.2410000e+03
   4.2580000e+03
   4.2740000e+03
   4.2820000e+03
   4.2960000e+03
   4.4430000e+03
   4.4470000e+03
   4.4580000e+03
   4.4690000e+03
   4.4800000e+03
   4.5000000e+03
   4.6560000e+03
   4.6590000e+03
   4.6750000e+03
   4.7710000e+03
   4.7920000e+03
   4.7980000e+03
   4.8070000e+03
   4.8160000e+03
   4.8260000e+03
   4.8340000e+03
   4.8510000e+03
   4.8640000e+03
   4.8750000e+03
   4.8900000e+03
   4.9580000e+03
   5.0530000e+03
   5.0570000e+03
   5.0670000e+03
   5.0720000e+03
   5.0840000e+03
   5.0920000e+03
   5.1060000e+03
   5.1130000e+03
   5.1210000e+03
   5.1460000e+03
   5.1590000e+03
   5.1830000e+03
   5.2450000e+03
   5.2540000e+03
   5.2700000e+03
   5.2850000e+03
   5.2960000e+03
   5.3050000e+03
   5.3120000e+03
   5.3270000e+03
   5.3420000e+03
   5.3680000e+03
   5.3770000e+03
   5.3970000e+03
   5.4240000e+03
   5.4440000e+03
   5.4530000e+03
   5.4770000e+03
   5.5460000e+03
   5.5490000e+03
   5.5670000e+03
   5.5800000e+03
   5.5930000e+03
   5.6500000e+03
   5.9530000e+03
   5.9730000e+03
   5.9880000e+03
   5.9940000e+03
   6.0050000e+03
   6.0100000e+03
   6.0210000e+03
   6.0330000e+03
   6.0460000e+03
   6.0520000e+03
   6.0660000e+03
   6.0760000e+03
   6.0810000e+03
   6.1810000e+03
   6.2870000e+03
   6.3010000e+03
   6.3120000e+03
   6.3200000e+03
   6.3330000e+03
   6.3450000e+03
   6.3540000e+03
   6.3670000e+03
   6.3790000e+03
   6.3930000e+03
   6.4040000e+03
   6.4160000e+03
   6.4230000e+03
   6.4400000e+03
   6.4570000e+03
   6.4710000e+03
   6.4760000e+03
   6.4860000e+03
   6.4930000e+03
   6.5080000e+03
   6.5250000e+03
   6.5470000e+03
   6.5610000e+03
   6.6250000e+03
   6.6520000e+03
   6.7090000e+03
   6.7270000e+03
   6.7770000e+03
   6.8270000e+03
   6.8350000e+03
   6.8490000e+03
   6.9420000e+03
   7.1250000e+03
   7.2720000e+03
   7.2860000e+03
   7.3070000e+03
   7.3260000e+03
   7.4060000e+03
   7.4270000e+03
   7.4450000e+03
   7.7920000e+03
   7.8320000e+03
   7.8760000e+03
   7.9010000e+03
   7.9180000e+03
   7.9240000e+03
   7.9280000e+03
   7.9340000e+03
   7.9420000e+03
   7.9520000e+03
   7.9600000e+03
   7.9670000e+03
   7.9810000e+03
   7.9880000e+03
   8.0040000e+03
   8.0150000e+03
   8.0470000e+03
   8.0710000e+03
   8.0870000e+03
   8.2290000e+03
   8.2360000e+03
   8.2690000e+03
   8.3060000e+03
   8.3250000e+03
   8.3310000e+03
   8.3470000e+03
   8.3610000e+03
   8.3670000e+03
   8.3720000e+03
   8.3820000e+03
   8.3890000e+03
   8.3990000e+03
   8.4180000e+03
   8.4430000e+03
   8.4590000e+03
   8.4750000e+03
   8.4860000e+03
   8.5040000e+03
   8.5160000e+03
   8.6120000e+03
   8.6200000e+03
   8.6340000e+03
   8.6430000e+03
   8.6520000e+03
   8.6720000e+03
   8.6910000e+03
   8.7160000e+03
   8.7570000e+03
   8.9760000e+03
   8.9930000e+03
   9.0080000e+03
   9.0230000e+03
   9.0450000e+03
   9.0590000e+03
   9.0670000e+03
   9.0760000e+03
   9.0830000e+03
   9.0970000e+03
   9.1050000e+03
   9.1150000e+03
   9.1320000e+03
   9.1440000e+03
   9.1590000e+03
   9.1820000e+03
   9.2010000e+03
   9.2380000e+03
   9.2730000e+03
   9.2860000e+03
   9.3000000e+03
   9.3050000e+03
   9.3140000e+03
   9.3190000e+03
   9.3280000e+03
   9.3440000e+03
   9.3570000e+03
   9.3700000e+03
   9.4260000e+03
   9.4360000e+03
   9.6140000e+03
   9.6490000e+03
   9.7670000e+03
   9.7840000e+03
   9.7920000e+03
   9.8010000e+03
   9.8110000e+03
   9.8150000e+03
   9.8270000e+03
   9.8390000e+03
   9.8660000e+03
   9.8860000e+03
   9.9010000e+03
   9.9480000e+03
   1.0009000e+04
   1.0023000e+04
