   1.4900000e+02
   1.6000000e+02
   1.6800000e+02
   1.7200000e+02
   1.7900000e+02
   1.8500000e+02
   1.9000000e+02
   1.9500000e+02
   2.0200000e+02
   2.0900000e+02
   2.2100000e+02
   4.0800000e+02
   4.2100000e+02
   4.3200000e+02
   4.4200000e+02
   4.5400000e+02
   4.6100000e+02
   4.6800000e+02
   4.7500000e+02
   4.7600000e+02
   5.1200000e+02
   5.4700000e+02
   8.8200000e+02
   8.9200000e+02
   9.0500000e+02
   9.1200000e+02
   9.1700000e+02
   9.2500000e+02
   9.3500000e+02
   1.2240000e+03
   1.2330000e+03
   1.2390000e+03
   1.2490000e+03
   1.2560000e+03
   1.2610000e+03
   1.2680000e+03
   1.2950000e+03
   1.4830000e+03
   1.5940000e+03
   1.9550000e+03
   1.9620000e+03
   1.9770000e+03
   1.9840000e+03
   1.9910000e+03
   1.9980000e+03
   2.0040000e+03
   2.0130000e+03
   2.0240000e+03
   2.0360000e+03
   2.0500000e+03
   2.0650000e+03
   2.0770000e+03
   2.0910000e+03
   2.1080000e+03
   2.1190000e+03
   2.1260000e+03
   2.1390000e+03
   2.1550000e+03
   2.1680000e+03
   2.1810000e+03
   2.1870000e+03
   2.1960000e+03
   2.2330000e+03
   2.2430000e+03
   2.2660000e+03
   2.2750000e+03
   2.2830000e+03
   2.2940000e+03
   2.3010000e+03
   2.3100000e+03
   2.3190000e+03
   2.3280000e+03
   2.3410000e+03
   2.3540000e+03
   2.3640000e+03
   2.3840000e+03
   2.4040000e+03
   2.5610000e+03
   2.5950000e+03
   2.6170000e+03
   2.6340000e+03
   2.6410000e+03
   2.6580000e+03
   2.6720000e+03
   2.7500000e+03
   2.7620000e+03
   2.7770000e+03
   3.0920000e+03
   3.1080000e+03
   3.1160000e+03
   3.1310000e+03
   3.1510000e+03
   3.1830000e+03
   3.2290000e+03
   3.2460000e+03
   3.2750000e+03
   3.2890000e+03
   3.2990000e+03
   3.3200000e+03
   3.3330000e+03
   3.3440000e+03
   3.3580000e+03
   3.3670000e+03
   3.3820000e+03
   3.3930000e+03
   3.3990000e+03
   3.4100000e+03
   3.4380000e+03
   3.4460000e+03
   3.5240000e+03
   3.5340000e+03
   3.5440000e+03
   3.5600000e+03
   3.8110000e+03
   3.8160000e+03
   3.8270000e+03
   3.8410000e+03
   3.8470000e+03
   3.8950000e+03
   3.9220000e+03
   4.0170000e+03
   4.0320000e+03
   4.0550000e+03
   4.0700000e+03
   4.0820000e+03
   4.1100000e+03
   4.1160000e+03
   4.1250000e+03
   4.1360000e+03
   4.1640000e+03
   4.1880000e+03
   4.2340000e+03
   4.2460000e+03
   4.2590000e+03
   4.2780000e+03
   4.2840000e+03
   4.3230000e+03
   4.4500000e+03
   4.4610000e+03
   4.4730000e+03
   4.4790000e+03
   4.4960000e+03
   4.5660000e+03
   4.6610000e+03
   4.6760000e+03
   4.6910000e+03
   4.7940000e+03
   4.8060000e+03
   4.8300000e+03
   4.8370000e+03
   4.8480000e+03
   4.8590000e+03
   4.8710000e+03
   4.8800000e+03
   4.8890000e+03
   5.0640000e+03
   5.0770000e+03
   5.0820000e+03
   5.0930000e+03
   5.1380000e+03
   5.1480000e+03
   5.1640000e+03
   5.1680000e+03
   5.1840000e+03
   5.1940000e+03
   5.2120000e+03
   5.4150000e+03
   5.4290000e+03
   5.4470000e+03
   5.4610000e+03
   5.4730000e+03
   5.4860000e+03
   5.4970000e+03
   5.5060000e+03
   5.6760000e+03
   5.6840000e+03
   5.6930000e+03
   5.7080000e+03
   5.7210000e+03
   5.7350000e+03
   5.7480000e+03
   6.0890000e+03
   6.1000000e+03
   6.1100000e+03
   6.1320000e+03
   6.4310000e+03
   6.4620000e+03
   6.4730000e+03
   6.4790000e+03
   6.4910000e+03
   6.4990000e+03
   6.5060000e+03
   6.5200000e+03
   6.5320000e+03
   6.5440000e+03
   6.5560000e+03
   6.5660000e+03
   6.6450000e+03
   6.6580000e+03
   6.6690000e+03
   6.6810000e+03
   6.6930000e+03
   6.7080000e+03
   6.7170000e+03
   7.1110000e+03
   7.1220000e+03
   7.1280000e+03
   7.1340000e+03
   7.1550000e+03
   7.1700000e+03
   7.1770000e+03
   7.1910000e+03
   7.1970000e+03
   7.2100000e+03
   7.2240000e+03
   7.2630000e+03
   7.3170000e+03
   7.3520000e+03
   7.6740000e+03
   7.6870000e+03
   7.7810000e+03
   7.7930000e+03
   7.8040000e+03
   7.8140000e+03
   7.8300000e+03
   7.8590000e+03
   7.8690000e+03
   7.8850000e+03
   7.8910000e+03
   7.9040000e+03
   8.1480000e+03
   8.1610000e+03
   8.1690000e+03
   8.1770000e+03
   8.1970000e+03
   8.2060000e+03
   8.2120000e+03
   8.2180000e+03
   8.2210000e+03
   8.2300000e+03
   8.2520000e+03
   8.2590000e+03
   8.2950000e+03
   8.3190000e+03
   8.3420000e+03
   8.3480000e+03
   8.3590000e+03
   8.3750000e+03
   8.3960000e+03
   8.6120000e+03
   8.6320000e+03
   8.6540000e+03
   8.7050000e+03
   9.0030000e+03
   9.0170000e+03
   9.0340000e+03
   9.0540000e+03
   9.1570000e+03
   9.1710000e+03
   9.1790000e+03
   9.1870000e+03
   9.1980000e+03
   9.2110000e+03
   9.2260000e+03
   9.2340000e+03
   9.2440000e+03
   9.2550000e+03
   9.2650000e+03
   9.4240000e+03
   9.6830000e+03
   9.6900000e+03
   9.6990000e+03
   9.7150000e+03
   9.7250000e+03
   9.7440000e+03
   9.7680000e+03
   9.7870000e+03
   9.8030000e+03
   9.8950000e+03
   9.9080000e+03
   9.9150000e+03
   9.9330000e+03
   9.9560000e+03
   9.9700000e+03
