   1.5900000e+02
   1.7300000e+02
   1.7800000e+02
   1.8700000e+02
   1.9500000e+02
   2.0700000e+02
   2.1200000e+02
   2.4800000e+02
   4.1600000e+02
   4.3200000e+02
   4.4700000e+02
   4.5200000e+02
   4.6300000e+02
   4.6900000e+02
   4.7900000e+02
   8.9700000e+02
   9.0900000e+02
   9.1600000e+02
   9.1900000e+02
   9.3000000e+02
   9.3800000e+02
   9.5200000e+02
   9.6400000e+02
   1.2080000e+03
   1.2380000e+03
   1.2460000e+03
   1.2500000e+03
   1.2640000e+03
   1.2730000e+03
   1.2810000e+03
   1.4200000e+03
   1.4260000e+03
   1.5860000e+03
   1.9660000e+03
   1.9780000e+03
   1.9880000e+03
   1.9960000e+03
   2.0020000e+03
   2.0080000e+03
   2.0170000e+03
   2.0240000e+03
   2.0400000e+03
   2.0510000e+03
   2.0630000e+03
   2.0690000e+03
   2.1040000e+03
   2.1100000e+03
   2.1320000e+03
   2.1850000e+03
   2.1930000e+03
   2.1970000e+03
   2.2130000e+03
   2.2840000e+03
   2.2970000e+03
   2.3080000e+03
   2.3250000e+03
   2.3360000e+03
   2.3490000e+03
   2.3580000e+03
   2.3670000e+03
   2.3680000e+03
   2.3780000e+03
   2.3940000e+03
   2.5710000e+03
   2.6410000e+03
   2.6530000e+03
   2.7850000e+03
   2.8010000e+03
   2.8850000e+03
   3.1080000e+03
   3.1210000e+03
   3.1280000e+03
   3.1440000e+03
   3.1550000e+03
   3.1640000e+03
   3.2340000e+03
   3.2730000e+03
   3.2820000e+03
   3.3040000e+03
   3.3130000e+03
   3.3480000e+03
   3.3640000e+03
   3.3760000e+03
   3.3890000e+03
   3.4000000e+03
   3.4200000e+03
   3.4380000e+03
   3.4500000e+03
   3.4630000e+03
   3.4760000e+03
   3.5290000e+03
   3.5380000e+03
   3.5520000e+03
   3.8160000e+03
   3.8220000e+03
   3.8240000e+03
   3.8490000e+03
   3.8630000e+03
   3.8830000e+03
   3.9500000e+03
   4.0130000e+03
   4.0250000e+03
   4.0330000e+03
   4.0550000e+03
   4.0740000e+03
   4.1130000e+03
   4.1210000e+03
   4.1380000e+03
   4.1470000e+03
   4.2240000e+03
   4.2360000e+03
   4.2680000e+03
   4.2790000e+03
   4.3020000e+03
   4.3150000e+03
   4.4570000e+03
   4.4670000e+03
   4.4690000e+03
   4.4820000e+03
   4.4980000e+03
   4.5720000e+03
   4.6810000e+03
   4.7040000e+03
   4.7270000e+03
   4.8160000e+03
   4.8310000e+03
   4.8450000e+03
   4.8620000e+03
   4.8690000e+03
   4.8820000e+03
   4.8950000e+03
   5.1490000e+03
   5.1660000e+03
   5.1910000e+03
   5.2420000e+03
   5.2520000e+03
   5.2650000e+03
   5.2720000e+03
   5.2800000e+03
   5.3000000e+03
   5.3150000e+03
   5.3280000e+03
   5.3800000e+03
   5.4090000e+03
   5.4810000e+03
   5.5030000e+03
   5.5760000e+03
   6.0220000e+03
   6.0360000e+03
   6.1750000e+03
   6.1820000e+03
   6.1910000e+03
   6.2200000e+03
   6.2400000e+03
   6.2580000e+03
   6.3350000e+03
   6.3480000e+03
   6.3530000e+03
   6.3720000e+03
   6.3840000e+03
   6.5360000e+03
   6.5440000e+03
   6.5550000e+03
   6.5670000e+03
   6.5750000e+03
   6.5820000e+03
   6.5870000e+03
   6.5960000e+03
   6.6090000e+03
   6.9260000e+03
   7.3670000e+03
   7.3750000e+03
   7.3900000e+03
   7.3960000e+03
   7.4050000e+03
   7.4100000e+03
   7.4150000e+03
   7.4190000e+03
   7.4290000e+03
   7.4490000e+03
   7.4570000e+03
   7.4630000e+03
   7.4720000e+03
   7.4820000e+03
   7.5100000e+03
   7.5180000e+03
   7.5330000e+03
   7.5470000e+03
   7.6660000e+03
   7.6730000e+03
   7.6830000e+03
   7.6940000e+03
   7.6980000e+03
   7.7030000e+03
   7.7110000e+03
   7.7170000e+03
   7.7220000e+03
   7.7330000e+03
   7.7550000e+03
   7.7810000e+03
   7.7990000e+03
   7.8160000e+03
   7.8240000e+03
   7.8740000e+03
   7.8940000e+03
   7.9970000e+03
   8.0110000e+03
   8.0530000e+03
   8.0620000e+03
   8.0900000e+03
   8.1050000e+03
   8.1170000e+03
   8.1200000e+03
   8.1330000e+03
   8.1550000e+03
   8.6870000e+03
   8.7220000e+03
   8.7390000e+03
   8.7480000e+03
   8.7550000e+03
   8.7610000e+03
   8.7660000e+03
   8.7720000e+03
   8.7770000e+03
   8.7820000e+03
   8.7900000e+03
   8.7980000e+03
   8.8080000e+03
   8.8310000e+03
   8.8420000e+03
   8.8590000e+03
   9.0920000e+03
   9.1110000e+03
   9.1270000e+03
   9.1540000e+03
   9.1640000e+03
   9.1750000e+03
   9.1990000e+03
   9.2030000e+03
   9.2110000e+03
   9.2260000e+03
   9.2350000e+03
   9.2430000e+03
   9.2510000e+03
   9.2630000e+03
   9.2840000e+03
   9.3010000e+03
   9.5640000e+03
   9.5730000e+03
   9.5800000e+03
   9.5860000e+03
   9.5950000e+03
   9.6020000e+03
   9.6070000e+03
   9.6170000e+03
   9.6290000e+03
   9.6400000e+03
   9.6490000e+03
   9.6610000e+03
   9.9320000e+03
   9.9550000e+03
   9.9620000e+03
   9.9710000e+03
   9.9820000e+03
   9.9930000e+03
   1.0005000e+04
