   1.5000000e+02
   1.5800000e+02
   1.6600000e+02
   1.7200000e+02
   1.7900000e+02
   1.8800000e+02
   1.9900000e+02
   2.0600000e+02
   2.2400000e+02
   3.9600000e+02
   4.2500000e+02
   4.3700000e+02
   4.5000000e+02
   4.5600000e+02
   4.7000000e+02
   4.8800000e+02
   5.3500000e+02
   5.5100000e+02
   5.6100000e+02
   8.7500000e+02
   8.9600000e+02
   9.0800000e+02
   9.1200000e+02
   9.1800000e+02
   9.2500000e+02
   9.3400000e+02
   9.5000000e+02
   9.7400000e+02
   1.2350000e+03
   1.2490000e+03
   1.2520000e+03
   1.2610000e+03
   1.2670000e+03
   1.2890000e+03
   1.3790000e+03
   1.4170000e+03
   1.4560000e+03
   1.4850000e+03
   1.5700000e+03
   1.5780000e+03
   1.9470000e+03
   1.9550000e+03
   1.9660000e+03
   1.9830000e+03
   1.9910000e+03
   2.0010000e+03
   2.0130000e+03
   2.0250000e+03
   2.0350000e+03
   2.0430000e+03
   2.0820000e+03
   2.1020000e+03
   2.1100000e+03
   2.1200000e+03
   2.1300000e+03
   2.1420000e+03
   2.1720000e+03
   2.1820000e+03
   2.1890000e+03
   2.1940000e+03
   2.2050000e+03
   2.2150000e+03
   2.2480000e+03
   2.2590000e+03
   2.2770000e+03
   2.2900000e+03
   2.3060000e+03
   2.3170000e+03
   2.3290000e+03
   2.3540000e+03
   2.3670000e+03
   2.3800000e+03
   2.4100000e+03
   2.4350000e+03
   2.4430000e+03
   2.5520000e+03
   2.5620000e+03
   2.5740000e+03
   2.6340000e+03
   2.6540000e+03
   2.7520000e+03
   2.7630000e+03
   2.7800000e+03
   2.7950000e+03
   2.8100000e+03
   2.8300000e+03
   2.8850000e+03
   3.0930000e+03
   3.1030000e+03
   3.1130000e+03
   3.1250000e+03
   3.1380000e+03
   3.1760000e+03
   3.2190000e+03
   3.2280000e+03
   3.2510000e+03
   3.2680000e+03
   3.2800000e+03
   3.2890000e+03
   3.3110000e+03
   3.3480000e+03
   3.3600000e+03
   3.3690000e+03
   3.3780000e+03
   3.3950000e+03
   3.4070000e+03
   3.4310000e+03
   3.4470000e+03
   3.4590000e+03
   3.5050000e+03
   3.5250000e+03
   3.5360000e+03
   3.5470000e+03
   3.8030000e+03
   3.8090000e+03
   3.8170000e+03
   3.8220000e+03
   3.8360000e+03
   3.8510000e+03
   3.8610000e+03
   3.8930000e+03
   3.9400000e+03
   3.9450000e+03
   4.0080000e+03
   4.0170000e+03
   4.0240000e+03
   4.0340000e+03
   4.0570000e+03
   4.0860000e+03
   4.1080000e+03
   4.1250000e+03
   4.1350000e+03
   4.1510000e+03
   4.1600000e+03
   4.2000000e+03
   4.2200000e+03
   4.2280000e+03
   4.2410000e+03
   4.2510000e+03
   4.2640000e+03
   4.2720000e+03
   4.2870000e+03
   4.2940000e+03
   4.3040000e+03
   4.4420000e+03
   4.4570000e+03
   4.4780000e+03
   4.5510000e+03
   4.6460000e+03
   4.6610000e+03
   4.6700000e+03
   4.6850000e+03
   4.7790000e+03
   4.7950000e+03
   4.8100000e+03
   4.8200000e+03
   4.8290000e+03
   4.8370000e+03
   4.8580000e+03
   4.8730000e+03
   4.9110000e+03
   4.9600000e+03
   5.2050000e+03
   5.2090000e+03
   5.2200000e+03
   5.2480000e+03
   5.2630000e+03
   5.2950000e+03
   5.3100000e+03
   5.3340000e+03
   5.3790000e+03
   5.4000000e+03
   5.4080000e+03
   5.4170000e+03
   5.4340000e+03
   5.4700000e+03
   5.4850000e+03
   5.4930000e+03
   5.5010000e+03
   5.5120000e+03
   5.5310000e+03
   6.0050000e+03
   6.0170000e+03
   6.1670000e+03
   6.1720000e+03
   6.1890000e+03
   6.2090000e+03
   6.2200000e+03
   6.2300000e+03
   6.2400000e+03
   6.2960000e+03
   6.3170000e+03
   6.3330000e+03
   6.3370000e+03
   6.3530000e+03
   6.3620000e+03
   6.3710000e+03
   6.3830000e+03
   6.3960000e+03
   6.4080000e+03
   6.4220000e+03
   6.4390000e+03
   6.4490000e+03
   6.4550000e+03
   6.4720000e+03
   6.4900000e+03
   6.5080000e+03
   6.5420000e+03
   6.5520000e+03
   6.5670000e+03
   6.5910000e+03
   6.6020000e+03
   6.6090000e+03
   6.6190000e+03
   6.6260000e+03
   6.6640000e+03
   6.6980000e+03
   6.7460000e+03
   6.7550000e+03
   6.8580000e+03
   6.8910000e+03
   6.9090000e+03
   6.9450000e+03
   6.9640000e+03
   6.9740000e+03
   7.1010000e+03
   7.1350000e+03
   7.1680000e+03
   7.3310000e+03
   7.3440000e+03
   7.3510000e+03
   7.3580000e+03
   7.3680000e+03
   7.3720000e+03
   7.3780000e+03
   7.3860000e+03
   7.3960000e+03
   7.4070000e+03
   7.4140000e+03
   7.4250000e+03
   7.4340000e+03
   7.4470000e+03
   7.4690000e+03
   7.4840000e+03
   7.5020000e+03
   7.5140000e+03
   7.5340000e+03
   7.5580000e+03
   7.5730000e+03
   7.5980000e+03
   7.6050000e+03
   7.6220000e+03
   7.6390000e+03
   7.6470000e+03
   7.6580000e+03
   7.6850000e+03
   7.7110000e+03
   7.7360000e+03
   7.7490000e+03
   7.7930000e+03
   7.8070000e+03
   7.8290000e+03
   7.8420000e+03
   7.8650000e+03
   7.8820000e+03
   7.9200000e+03
   7.9440000e+03
   7.9590000e+03
   7.9970000e+03
   8.0720000e+03
   8.0990000e+03
   8.1570000e+03
   8.2060000e+03
   8.2370000e+03
   8.2840000e+03
   8.4310000e+03
   8.4380000e+03
   8.4490000e+03
   8.4580000e+03
   8.4990000e+03
   8.5190000e+03
   8.5410000e+03
   8.5690000e+03
   8.5930000e+03
   8.6070000e+03
   8.6200000e+03
   8.6410000e+03
   9.1130000e+03
   9.2020000e+03
   9.4660000e+03
   9.4810000e+03
   9.4930000e+03
   9.5000000e+03
   9.5280000e+03
   9.5440000e+03
   9.5600000e+03
   9.5800000e+03
   9.5870000e+03
   9.5950000e+03
   9.6050000e+03
   9.6110000e+03
   9.6170000e+03
   9.6240000e+03
   9.6300000e+03
   9.6340000e+03
   9.6390000e+03
   9.6500000e+03
   9.6580000e+03
   9.6730000e+03
   9.6780000e+03
   9.6860000e+03
   9.6940000e+03
   9.7100000e+03
   9.7200000e+03
   9.7270000e+03
   9.7490000e+03
   9.7950000e+03
   9.8050000e+03
   9.8210000e+03
   9.8300000e+03
   9.8560000e+03
   9.8720000e+03
   9.9100000e+03
   9.9470000e+03
