   1.5400000e+02
   1.6000000e+02
   1.6500000e+02
   1.7000000e+02
   1.7500000e+02
   1.7900000e+02
   1.8300000e+02
   1.8900000e+02
   1.9400000e+02
   2.0000000e+02
   2.0300000e+02
   2.0800000e+02
   2.1600000e+02
   2.2700000e+02
   2.3500000e+02
   4.2300000e+02
   4.3100000e+02
   4.4900000e+02
   4.5500000e+02
   4.6300000e+02
   4.7600000e+02
   4.9300000e+02
   5.0600000e+02
   5.3900000e+02
   5.4800000e+02
   5.6700000e+02
   8.8100000e+02
   8.9100000e+02
   8.9700000e+02
   9.0300000e+02
   9.0800000e+02
   9.1400000e+02
   9.1800000e+02
   9.2900000e+02
   9.4000000e+02
   9.5100000e+02
   9.5800000e+02
   9.7400000e+02
   1.2240000e+03
   1.2360000e+03
   1.2500000e+03
   1.2550000e+03
   1.2670000e+03
   1.2790000e+03
   1.4520000e+03
   1.5090000e+03
   1.9570000e+03
   1.9660000e+03
   1.9740000e+03
   1.9830000e+03
   1.9910000e+03
   1.9950000e+03
   2.0020000e+03
   2.0110000e+03
   2.0150000e+03
   2.0230000e+03
   2.0340000e+03
   2.0540000e+03
   2.0640000e+03
   2.0710000e+03
   2.0840000e+03
   2.0990000e+03
   2.1090000e+03
   2.1180000e+03
   2.1280000e+03
   2.1960000e+03
   2.2030000e+03
   2.2940000e+03
   2.3000000e+03
   2.3100000e+03
   2.3180000e+03
   2.3270000e+03
   2.3330000e+03
   2.3440000e+03
   2.3530000e+03
   2.3610000e+03
   2.3720000e+03
   2.3880000e+03
   2.3980000e+03
   2.4170000e+03
   2.4240000e+03
   2.5550000e+03
   2.5700000e+03
   2.5870000e+03
   2.6160000e+03
   2.6320000e+03
   2.6430000e+03
   2.6530000e+03
   2.6760000e+03
   2.6940000e+03
   2.7500000e+03
   2.7590000e+03
   2.7740000e+03
   2.7880000e+03
   2.8080000e+03
   2.8560000e+03
   2.8720000e+03
   3.1020000e+03
   3.1110000e+03
   3.1190000e+03
   3.1340000e+03
   3.1510000e+03
   3.1600000e+03
   3.1660000e+03
   3.1910000e+03
   3.2290000e+03
   3.2720000e+03
   3.2810000e+03
   3.2920000e+03
   3.2940000e+03
   3.3150000e+03
   3.3250000e+03
   3.3300000e+03
   3.3430000e+03
   3.3560000e+03
   3.3640000e+03
   3.3770000e+03
   3.3890000e+03
   3.3990000e+03
   3.4090000e+03
   3.4230000e+03
   3.4360000e+03
   3.4490000e+03
   3.4620000e+03
   3.4720000e+03
   3.4910000e+03
   3.5400000e+03
   3.5530000e+03
   3.8110000e+03
   3.8180000e+03
   3.8220000e+03
   3.8420000e+03
   3.8900000e+03
   3.9050000e+03
   4.0120000e+03
   4.0250000e+03
   4.0350000e+03
   4.0550000e+03
   4.0730000e+03
   4.0860000e+03
   4.1070000e+03
   4.1160000e+03
   4.1280000e+03
   4.1390000e+03
   4.1470000e+03
   4.1530000e+03
   4.1560000e+03
   4.1980000e+03
   4.2190000e+03
   4.2290000e+03
   4.2480000e+03
   4.2720000e+03
   4.2850000e+03
   4.4660000e+03
   4.4880000e+03
   4.5020000e+03
   4.5440000e+03
   4.5570000e+03
   4.6630000e+03
   4.6780000e+03
   4.7940000e+03
   4.8070000e+03
   4.8170000e+03
   4.8230000e+03
   4.8330000e+03
   4.8440000e+03
   4.8540000e+03
   4.8720000e+03
   5.2210000e+03
   5.2310000e+03
   5.2430000e+03
   5.2610000e+03
   5.2860000e+03
   5.3260000e+03
   5.3330000e+03
   5.3450000e+03
   5.3550000e+03
   5.3600000e+03
   5.3690000e+03
   5.3910000e+03
   5.4010000e+03
   5.4140000e+03
   5.4240000e+03
   5.4400000e+03
   5.4600000e+03
   5.4850000e+03
   5.5020000e+03
   5.5610000e+03
   5.6120000e+03
   5.6210000e+03
   5.6380000e+03
   5.6890000e+03
   5.7020000e+03
   5.7210000e+03
   5.8900000e+03
   5.9030000e+03
   5.9690000e+03
   5.9790000e+03
   5.9880000e+03
   5.9980000e+03
   6.0120000e+03
   6.0210000e+03
   6.0280000e+03
   6.0560000e+03
   6.1190000e+03
   6.1870000e+03
   6.9900000e+03
   7.0090000e+03
   7.0230000e+03
   7.0280000e+03
   7.0380000e+03
   7.0620000e+03
   7.0800000e+03
   7.0940000e+03
   7.1040000e+03
   7.1150000e+03
   7.1260000e+03
   7.1430000e+03
   7.1600000e+03
   7.1690000e+03
   7.1990000e+03
   7.5850000e+03
   7.5920000e+03
   7.7110000e+03
   7.7230000e+03
   7.7330000e+03
   7.7460000e+03
   7.7500000e+03
   7.7540000e+03
   7.7640000e+03
   7.7730000e+03
   7.7860000e+03
   7.7940000e+03
   7.7990000e+03
   7.8040000e+03
   7.8190000e+03
   7.8270000e+03
   7.8610000e+03
   7.9090000e+03
   7.9440000e+03
   7.9550000e+03
   7.9760000e+03
   8.1040000e+03
   8.1190000e+03
   8.4110000e+03
   8.4360000e+03
   8.4460000e+03
   8.4590000e+03
   8.4740000e+03
   8.6560000e+03
   8.6640000e+03
   8.6750000e+03
   8.6820000e+03
   8.6960000e+03
   8.8990000e+03
   8.9050000e+03
   8.9200000e+03
   8.9280000e+03
   8.9530000e+03
   8.9670000e+03
   8.9870000e+03
   8.9980000e+03
   9.0100000e+03
   9.0210000e+03
   9.0320000e+03
   9.1190000e+03
   9.1660000e+03
   9.1800000e+03
   9.1880000e+03
   9.1980000e+03
   9.3780000e+03
   9.3930000e+03
   9.8410000e+03
   9.8520000e+03
   9.8690000e+03
   9.9300000e+03
   9.9380000e+03
   9.9530000e+03
   9.9590000e+03
   9.9740000e+03
