   1.5100000e+02
   1.6100000e+02
   1.6600000e+02
   1.7500000e+02
   1.8100000e+02
   1.8600000e+02
   1.9100000e+02
   2.0300000e+02
   2.0900000e+02
   2.2600000e+02
   3.9000000e+02
   4.0400000e+02
   4.1600000e+02
   4.2900000e+02
   4.3900000e+02
   4.5400000e+02
   4.6600000e+02
   4.7000000e+02
   4.9500000e+02
   5.0700000e+02
   5.1900000e+02
   5.4400000e+02
   5.6000000e+02
   5.7300000e+02
   5.9600000e+02
   8.8400000e+02
   8.9100000e+02
   9.0000000e+02
   9.0500000e+02
   9.0800000e+02
   9.1200000e+02
   9.1800000e+02
   9.2700000e+02
   9.3300000e+02
   9.4500000e+02
   9.5900000e+02
   1.2090000e+03
   1.2310000e+03
   1.2420000e+03
   1.2480000e+03
   1.2520000e+03
   1.2590000e+03
   1.2670000e+03
   1.2810000e+03
   1.3920000e+03
   1.5820000e+03
   1.5960000e+03
   1.9460000e+03
   1.9550000e+03
   1.9630000e+03
   1.9750000e+03
   1.9830000e+03
   1.9910000e+03
   1.9960000e+03
   2.0020000e+03
   2.0080000e+03
   2.0160000e+03
   2.0280000e+03
   2.0370000e+03
   2.0510000e+03
   2.1190000e+03
   2.1290000e+03
   2.1350000e+03
   2.1390000e+03
   2.1630000e+03
   2.1770000e+03
   2.1870000e+03
   2.1920000e+03
   2.2010000e+03
   2.2130000e+03
   2.2240000e+03
   2.2400000e+03
   2.2530000e+03
   2.2660000e+03
   2.2730000e+03
   2.2850000e+03
   2.2970000e+03
   2.3070000e+03
   2.3150000e+03
   2.3230000e+03
   2.3290000e+03
   2.3400000e+03
   2.3540000e+03
   2.3640000e+03
   2.3810000e+03
   2.5600000e+03
   2.5690000e+03
   2.6270000e+03
   2.6420000e+03
   2.6510000e+03
   2.7640000e+03
   2.7760000e+03
   2.7950000e+03
   3.0930000e+03
   3.0980000e+03
   3.1070000e+03
   3.1260000e+03
   3.1620000e+03
   3.2180000e+03
   3.2310000e+03
   3.2550000e+03
   3.2740000e+03
   3.2890000e+03
   3.3000000e+03
   3.3150000e+03
   3.3220000e+03
   3.3440000e+03
   3.3530000e+03
   3.3620000e+03
   3.3730000e+03
   3.3790000e+03
   3.3880000e+03
   3.3990000e+03
   3.4060000e+03
   3.4180000e+03
   3.4280000e+03
   3.4440000e+03
   3.4560000e+03
   3.5290000e+03
   3.5380000e+03
   3.5440000e+03
   3.8080000e+03
   3.8150000e+03
   3.8230000e+03
   3.8250000e+03
   3.8310000e+03
   3.8550000e+03
   3.8650000e+03
   4.0180000e+03
   4.0390000e+03
   4.0620000e+03
   4.0800000e+03
   4.0930000e+03
   4.1100000e+03
   4.1220000e+03
   4.1310000e+03
   4.1390000e+03
   4.1470000e+03
   4.1590000e+03
   4.1830000e+03
   4.2230000e+03
   4.2320000e+03
   4.2780000e+03
   4.2850000e+03
   4.2980000e+03
   4.3140000e+03
   4.4510000e+03
   4.4570000e+03
   4.4680000e+03
   4.4820000e+03
   4.5060000e+03
   4.6630000e+03
   4.6730000e+03
   4.6810000e+03
   4.7810000e+03
   4.7870000e+03
   4.7990000e+03
   4.8080000e+03
   4.8170000e+03
   4.8280000e+03
   4.8400000e+03
   4.8540000e+03
   4.8670000e+03
   4.8990000e+03
   5.0730000e+03
   5.3850000e+03
   5.4210000e+03
   5.4380000e+03
   5.4630000e+03
   5.5140000e+03
   5.5270000e+03
   5.5400000e+03
   5.5440000e+03
   5.5580000e+03
   5.5760000e+03
   5.6810000e+03
   5.6970000e+03
   5.7160000e+03
   5.7280000e+03
   5.7370000e+03
   5.7490000e+03
   5.7690000e+03
   5.8040000e+03
   5.8180000e+03
   5.8410000e+03
   5.8520000e+03
   5.8980000e+03
   5.9110000e+03
   5.9260000e+03
   5.9360000e+03
   5.9510000e+03
   5.9610000e+03
   5.9720000e+03
   5.9880000e+03
   6.0000000e+03
   6.0310000e+03
   6.0940000e+03
   6.2540000e+03
   6.2650000e+03
   6.2850000e+03
   6.4460000e+03
   6.4630000e+03
   6.4830000e+03
   6.4970000e+03
   6.5630000e+03
   6.7520000e+03
   6.8130000e+03
   7.4680000e+03
   7.4800000e+03
   7.9090000e+03
   7.9260000e+03
   7.9420000e+03
   7.9480000e+03
   7.9590000e+03
   7.9650000e+03
   7.9710000e+03
   7.9810000e+03
   7.9860000e+03
   7.9980000e+03
   8.0060000e+03
   8.0180000e+03
   8.0300000e+03
   8.0590000e+03
   8.0760000e+03
   8.0880000e+03
   8.0950000e+03
   8.1530000e+03
   8.3300000e+03
   8.3420000e+03
   8.3680000e+03
   8.3790000e+03
   8.3850000e+03
   8.3930000e+03
   8.4030000e+03
   8.4240000e+03
   8.6690000e+03
   8.7100000e+03
   8.7220000e+03
   8.7390000e+03
   9.2180000e+03
   9.2220000e+03
   9.2350000e+03
   9.2440000e+03
   9.2570000e+03
   9.2640000e+03
   9.2810000e+03
   9.2910000e+03
   9.2990000e+03
   9.3040000e+03
   9.3130000e+03
   9.3180000e+03
   9.3230000e+03
   9.3320000e+03
   9.3540000e+03
   9.3780000e+03
   9.3970000e+03
   9.8350000e+03
   9.8810000e+03
   9.8890000e+03
   9.9010000e+03
   9.9100000e+03
   9.9380000e+03
   9.9520000e+03
   9.9630000e+03
   9.9830000e+03
   9.9920000e+03
   1.0003000e+04
   1.0009000e+04
   1.0023000e+04
   1.0040000e+04
