   1.3100000e+02
   1.5200000e+02
   1.5700000e+02
   1.6400000e+02
   1.6900000e+02
   1.7900000e+02
   1.8400000e+02
   1.8800000e+02
   1.9300000e+02
   2.0100000e+02
   2.1500000e+02
   2.3000000e+02
   3.8700000e+02
   3.9600000e+02
   4.0400000e+02
   4.1400000e+02
   4.3300000e+02
   4.4300000e+02
   4.5000000e+02
   4.5800000e+02
   4.6600000e+02
   4.7700000e+02
   4.9200000e+02
   5.0700000e+02
   5.3000000e+02
   5.4900000e+02
   5.7400000e+02
   6.9900000e+02
   7.1100000e+02
   8.7300000e+02
   8.8800000e+02
   8.9700000e+02
   9.0100000e+02
   9.0700000e+02
   9.1600000e+02
   9.2000000e+02
   9.2500000e+02
   9.3300000e+02
   9.4900000e+02
   9.7200000e+02
   1.1960000e+03
   1.2120000e+03
   1.2370000e+03
   1.2450000e+03
   1.2490000e+03
   1.2590000e+03
   1.2650000e+03
   1.2770000e+03
   1.2950000e+03
   1.3920000e+03
   1.4180000e+03
   1.4430000e+03
   1.4660000e+03
   1.4970000e+03
   1.5670000e+03
   1.5710000e+03
   1.5830000e+03
   1.8230000e+03
   1.9350000e+03
   1.9480000e+03
   1.9530000e+03
   1.9630000e+03
   1.9750000e+03
   1.9830000e+03
   1.9880000e+03
   1.9960000e+03
   2.0010000e+03
   2.0050000e+03
   2.0180000e+03
   2.0280000e+03
   2.0360000e+03
   2.0550000e+03
   2.0710000e+03
   2.0920000e+03
   2.1020000e+03
   2.1100000e+03
   2.1180000e+03
   2.1280000e+03
   2.1470000e+03
   2.1590000e+03
   2.1720000e+03
   2.1820000e+03
   2.1880000e+03
   2.2050000e+03
   2.2110000e+03
   2.2220000e+03
   2.2420000e+03
   2.2590000e+03
   2.2700000e+03
   2.2790000e+03
   2.2990000e+03
   2.3110000e+03
   2.3240000e+03
   2.3340000e+03
   2.3400000e+03
   2.3530000e+03
   2.3600000e+03
   2.3780000e+03
   2.3900000e+03
   2.4070000e+03
   2.4260000e+03
   2.5420000e+03
   2.5490000e+03
   2.5570000e+03
   2.5650000e+03
   2.5930000e+03
   2.6220000e+03
   2.6340000e+03
   2.6400000e+03
   2.6640000e+03
   2.6810000e+03
   2.7380000e+03
   2.7460000e+03
   2.7590000e+03
   2.7710000e+03
   2.7840000e+03
   2.8150000e+03
   2.8680000e+03
   2.8780000e+03
   2.9720000e+03
   3.0820000e+03
   3.0910000e+03
   3.0990000e+03
   3.1050000e+03
   3.1180000e+03
   3.1270000e+03
   3.1410000e+03
   3.1560000e+03
   3.1680000e+03
   3.2030000e+03
   3.2190000e+03
   3.2280000e+03
   3.2390000e+03
   3.2560000e+03
   3.2690000e+03
   3.2770000e+03
   3.2810000e+03
   3.2950000e+03
   3.3050000e+03
   3.3270000e+03
   3.3380000e+03
   3.3550000e+03
   3.3630000e+03
   3.3760000e+03
   3.3890000e+03
   3.4030000e+03
   3.4180000e+03
   3.4350000e+03
   3.4440000e+03
   3.4650000e+03
   3.4900000e+03
   3.5070000e+03
   3.5260000e+03
   3.5370000e+03
   3.5530000e+03
   3.8000000e+03
   3.8080000e+03
   3.8130000e+03
   3.8220000e+03
   3.8360000e+03
   3.8490000e+03
   3.8570000e+03
   3.8810000e+03
   3.8960000e+03
   3.9380000e+03
   3.9520000e+03
   3.9940000e+03
   4.0050000e+03
   4.0130000e+03
   4.0240000e+03
   4.0330000e+03
   4.0480000e+03
   4.0630000e+03
   4.0780000e+03
   4.0980000e+03
   4.1110000e+03
   4.1220000e+03
   4.1330000e+03
   4.1430000e+03
   4.1500000e+03
   4.1670000e+03
   4.1910000e+03
   4.2130000e+03
   4.2210000e+03
   4.2340000e+03
   4.2540000e+03
   4.2650000e+03
   4.2770000e+03
   4.2880000e+03
   4.2970000e+03
   4.3220000e+03
   4.4370000e+03
   4.4430000e+03
   4.4500000e+03
   4.4600000e+03
   4.4710000e+03
   4.4840000e+03
   4.4980000e+03
   4.5230000e+03
   4.5440000e+03
   4.5890000e+03
   4.6340000e+03
   4.6460000e+03
   4.6570000e+03
   4.6660000e+03
   4.6790000e+03
   4.6940000e+03
   4.7130000e+03
   4.7690000e+03
   4.7860000e+03
   4.7940000e+03
   4.8080000e+03
   4.8210000e+03
   4.8330000e+03
   4.8410000e+03
   4.8610000e+03
   4.8750000e+03
   4.8930000e+03
   4.9530000e+03
   5.1100000e+03
   5.1220000e+03
   5.1940000e+03
   5.2090000e+03
   5.3270000e+03
   5.3440000e+03
   5.3590000e+03
   5.5090000e+03
   5.5180000e+03
   5.5470000e+03
   5.5590000e+03
   5.5720000e+03
   5.5930000e+03
   5.6030000e+03
   5.6100000e+03
   5.6210000e+03
   5.6290000e+03
   5.6620000e+03
   5.9770000e+03
   5.9860000e+03
   6.0220000e+03
   6.0340000e+03
   6.0430000e+03
   6.0530000e+03
   6.0890000e+03
   6.1010000e+03
   6.1220000e+03
   6.1360000e+03
   6.1510000e+03
   6.1710000e+03
   6.1780000e+03
   6.1870000e+03
   6.2010000e+03
   6.2120000e+03
   6.2190000e+03
   6.2350000e+03
   6.2490000e+03
   6.2790000e+03
   6.3130000e+03
   6.3330000e+03
   6.3520000e+03
   6.3700000e+03
   6.3840000e+03
   6.4010000e+03
   6.4170000e+03
   6.4320000e+03
   6.4480000e+03
   6.4880000e+03
   6.5070000e+03
   6.5230000e+03
   6.5340000e+03
   6.5510000e+03
   6.5590000e+03
   6.5730000e+03
   6.5850000e+03
   6.5900000e+03
   6.6090000e+03
   6.6300000e+03
   6.6430000e+03
   6.6520000e+03
   6.6690000e+03
   6.6780000e+03
   6.6930000e+03
   6.7190000e+03
   6.7420000e+03
   6.7530000e+03
   6.7690000e+03
   6.7900000e+03
   6.7970000e+03
   6.8130000e+03
   6.8270000e+03
   6.8380000e+03
   6.8540000e+03
   6.8630000e+03
   6.8800000e+03
   6.8970000e+03
   6.9670000e+03
   6.9850000e+03
   6.9980000e+03
   7.2630000e+03
   7.2940000e+03
   7.3110000e+03
   7.3210000e+03
   7.7390000e+03
   7.7720000e+03
   7.7850000e+03
   7.7950000e+03
   7.8120000e+03
   7.8220000e+03
   7.8300000e+03
   7.8430000e+03
   7.8520000e+03
   7.8610000e+03
   7.8760000e+03
   7.8890000e+03
   7.8970000e+03
   7.9050000e+03
   7.9220000e+03
   7.9310000e+03
   7.9390000e+03
   7.9580000e+03
   7.9680000e+03
   7.9800000e+03
   8.0140000e+03
   8.0310000e+03
   8.0440000e+03
   8.0650000e+03
   8.1360000e+03
   8.1440000e+03
   8.4440000e+03
   8.4520000e+03
   8.4640000e+03
   8.5240000e+03
   8.5480000e+03
   8.5640000e+03
   8.5840000e+03
   8.5940000e+03
   8.6070000e+03
   8.6260000e+03
   8.7680000e+03
   8.7960000e+03
   8.8190000e+03
   8.8370000e+03
   8.8480000e+03
   8.8630000e+03
   8.8680000e+03
   8.8790000e+03
   8.8930000e+03
   8.9130000e+03
   8.9230000e+03
   8.9400000e+03
   8.9620000e+03
   8.9850000e+03
   9.0020000e+03
   9.0110000e+03
   9.0210000e+03
   9.0390000e+03
   9.0640000e+03
   9.0920000e+03
   9.1140000e+03
   9.1250000e+03
   9.1430000e+03
   9.1570000e+03
   9.1680000e+03
   9.1780000e+03
   9.1890000e+03
   9.1960000e+03
   9.2090000e+03
   9.2170000e+03
   9.2300000e+03
   9.2380000e+03
   9.2520000e+03
   9.2680000e+03
   9.2860000e+03
   9.3140000e+03
   9.3220000e+03
   9.3420000e+03
   9.4140000e+03
   9.4330000e+03
   9.4480000e+03
   9.4580000e+03
   9.4730000e+03
   9.4870000e+03
   9.5000000e+03
   9.5320000e+03
   9.5470000e+03
   9.5620000e+03
   9.5800000e+03
   9.5890000e+03
   9.5970000e+03
   9.6350000e+03
   9.6480000e+03
   9.6560000e+03
   9.6840000e+03
   9.7220000e+03
   9.8880000e+03
   9.9010000e+03
   9.9160000e+03
   9.9440000e+03
   9.9780000e+03
   9.9960000e+03
   1.0022000e+04
