   1.5600000e+02
   1.6200000e+02
   1.6800000e+02
   1.7200000e+02
   1.8100000e+02
   1.9000000e+02
   1.9800000e+02
   2.1100000e+02
   2.2500000e+02
   2.7600000e+02
   4.0500000e+02
   4.1200000e+02
   4.3300000e+02
   4.4500000e+02
   4.5400000e+02
   4.7100000e+02
   4.8400000e+02
   5.1000000e+02
   5.2600000e+02
   5.4000000e+02
   5.5800000e+02
   6.4800000e+02
   8.7300000e+02
   8.9000000e+02
   8.9700000e+02
   9.0300000e+02
   9.0800000e+02
   9.1600000e+02
   9.2500000e+02
   9.3100000e+02
   9.4900000e+02
   9.6200000e+02
   9.8200000e+02
   1.2330000e+03
   1.2390000e+03
   1.2460000e+03
   1.2510000e+03
   1.2600000e+03
   1.2640000e+03
   1.2720000e+03
   1.2850000e+03
   1.3620000e+03
   1.3890000e+03
   1.4380000e+03
   1.5020000e+03
   1.5750000e+03
   1.5840000e+03
   1.9550000e+03
   1.9690000e+03
   1.9820000e+03
   1.9870000e+03
   1.9950000e+03
   2.0000000e+03
   2.0080000e+03
   2.0180000e+03
   2.0290000e+03
   2.0360000e+03
   2.0460000e+03
   2.0630000e+03
   2.0760000e+03
   2.0930000e+03
   2.1030000e+03
   2.1150000e+03
   2.1240000e+03
   2.1380000e+03
   2.1540000e+03
   2.1710000e+03
   2.1900000e+03
   2.2010000e+03
   2.2140000e+03
   2.2350000e+03
   2.2450000e+03
   2.2650000e+03
   2.2750000e+03
   2.3020000e+03
   2.3060000e+03
   2.3170000e+03
   2.3280000e+03
   2.3400000e+03
   2.3550000e+03
   2.3660000e+03
   2.3750000e+03
   2.3890000e+03
   2.4110000e+03
   2.5670000e+03
   2.6170000e+03
   2.6270000e+03
   2.6400000e+03
   2.6560000e+03
   2.6690000e+03
   2.7490000e+03
   2.7620000e+03
   2.7920000e+03
   2.8370000e+03
   2.8630000e+03
   3.0980000e+03
   3.1130000e+03
   3.1230000e+03
   3.1390000e+03
   3.1800000e+03
   3.2050000e+03
   3.2200000e+03
   3.2280000e+03
   3.2650000e+03
   3.2730000e+03
   3.2910000e+03
   3.3030000e+03
   3.3160000e+03
   3.3240000e+03
   3.3420000e+03
   3.3660000e+03
   3.3700000e+03
   3.3860000e+03
   3.3950000e+03
   3.4110000e+03
   3.4360000e+03
   3.4470000e+03
   3.4560000e+03
   3.5250000e+03
   3.5370000e+03
   3.5470000e+03
   3.5700000e+03
   3.8090000e+03
   3.8130000e+03
   3.8220000e+03
   3.8330000e+03
   3.8440000e+03
   3.8570000e+03
   3.8740000e+03
   3.9150000e+03
   3.9500000e+03
   4.0090000e+03
   4.0190000e+03
   4.0300000e+03
   4.0510000e+03
   4.0720000e+03
   4.0850000e+03
   4.1050000e+03
   4.1170000e+03
   4.1340000e+03
   4.1510000e+03
   4.1740000e+03
   4.2330000e+03
   4.2500000e+03
   4.2680000e+03
   4.2780000e+03
   4.3080000e+03
   4.4510000e+03
   4.4570000e+03
   4.4640000e+03
   4.4720000e+03
   4.4870000e+03
   4.5190000e+03
   4.5360000e+03
   4.5660000e+03
   4.6600000e+03
   4.6720000e+03
   4.6960000e+03
   4.7760000e+03
   4.7950000e+03
   4.8150000e+03
   4.8280000e+03
   4.8420000e+03
   4.8540000e+03
   4.8710000e+03
   4.8800000e+03
   4.8940000e+03
   4.9470000e+03
   5.0540000e+03
   5.0660000e+03
   5.0910000e+03
   5.1060000e+03
   5.1210000e+03
   5.1380000e+03
   5.1520000e+03
   5.1680000e+03
   5.1810000e+03
   5.2010000e+03
   5.2520000e+03
   5.2760000e+03
   5.3100000e+03
   5.3910000e+03
   5.4740000e+03
   5.4850000e+03
   5.5000000e+03
   5.5080000e+03
   5.5290000e+03
   5.5490000e+03
   5.5570000e+03
   5.5700000e+03
   5.5900000e+03
   5.6080000e+03
   5.6220000e+03
   5.6920000e+03
   5.7100000e+03
   6.0280000e+03
   6.0420000e+03
   6.0540000e+03
   6.0630000e+03
   6.0730000e+03
   6.0910000e+03
   6.1130000e+03
   6.1280000e+03
   6.1420000e+03
   6.1590000e+03
   6.2020000e+03
   6.2440000e+03
   6.2470000e+03
   6.2590000e+03
   6.4190000e+03
   6.4360000e+03
   6.4510000e+03
   6.4740000e+03
   6.5030000e+03
   6.5170000e+03
   6.5330000e+03
   6.5630000e+03
   6.5810000e+03
   6.5890000e+03
   6.6170000e+03
   6.6260000e+03
   6.6590000e+03
   6.6810000e+03
   6.7090000e+03
   6.8450000e+03
   6.8570000e+03
   6.8720000e+03
   6.8840000e+03
   6.8960000e+03
   6.9030000e+03
   6.9120000e+03
   6.9240000e+03
   6.9300000e+03
   6.9400000e+03
   6.9450000e+03
   6.9520000e+03
   6.9590000e+03
   6.9660000e+03
   6.9800000e+03
   6.9990000e+03
   7.0150000e+03
   7.0390000e+03
   7.0720000e+03
   7.0870000e+03
   7.1240000e+03
   7.7450000e+03
   7.7570000e+03
   7.7670000e+03
   7.7930000e+03
   7.8080000e+03
   7.8210000e+03
   7.8340000e+03
   7.8490000e+03
   7.8680000e+03
   8.1990000e+03
   8.2200000e+03
   8.2400000e+03
   8.2530000e+03
   8.2660000e+03
   8.2930000e+03
   8.3100000e+03
   8.6100000e+03
   8.6390000e+03
   8.7080000e+03
   8.7170000e+03
   8.7260000e+03
   8.7430000e+03
   8.7630000e+03
   8.7860000e+03
   8.7980000e+03
   8.8080000e+03
   8.8220000e+03
   8.8370000e+03
   8.8490000e+03
   8.8640000e+03
   8.8750000e+03
   8.8910000e+03
   8.9050000e+03
   8.9210000e+03
   8.9330000e+03
   8.9530000e+03
   8.9660000e+03
   8.9800000e+03
   8.9930000e+03
   9.0030000e+03
   9.0070000e+03
   9.0160000e+03
   9.0240000e+03
   9.0330000e+03
   9.0510000e+03
   9.0620000e+03
   9.0750000e+03
   9.0890000e+03
   9.1020000e+03
   9.1250000e+03
   9.1470000e+03
   9.3520000e+03
   9.3580000e+03
   9.3730000e+03
   9.3870000e+03
   9.3980000e+03
   9.4170000e+03
   9.4310000e+03
   9.4560000e+03
   9.4740000e+03
   9.4900000e+03
   9.5020000e+03
   9.5220000e+03
   9.5300000e+03
   9.6010000e+03
   9.6170000e+03
   9.6250000e+03
   9.6490000e+03
   9.6600000e+03
   9.6660000e+03
   9.6800000e+03
   9.6870000e+03
   9.6960000e+03
   9.7080000e+03
   9.7240000e+03
   9.7410000e+03
   9.7530000e+03
   9.7880000e+03
   9.8080000e+03
   9.8400000e+03
   9.8530000e+03
   9.8630000e+03
   9.8920000e+03
   9.9010000e+03
   9.9230000e+03
   9.9370000e+03
   9.9510000e+03
   9.9610000e+03
   9.9830000e+03
   9.9980000e+03
   1.0014000e+04
