   1.3800000e+02
   1.5200000e+02
   1.6100000e+02
   1.7100000e+02
   1.7600000e+02
   1.8200000e+02
   1.9100000e+02
   1.9700000e+02
   2.0800000e+02
   2.2800000e+02
   3.9200000e+02
   4.0000000e+02
   4.1000000e+02
   4.3500000e+02
   4.4400000e+02
   4.5500000e+02
   4.6900000e+02
   4.8100000e+02
   5.2600000e+02
   5.4500000e+02
   5.5400000e+02
   5.7900000e+02
   7.1400000e+02
   8.7300000e+02
   8.8600000e+02
   8.9900000e+02
   9.0800000e+02
   9.1500000e+02
   9.1900000e+02
   9.2900000e+02
   9.4300000e+02
   9.5800000e+02
   9.8600000e+02
   1.1980000e+03
   1.2170000e+03
   1.2350000e+03
   1.2470000e+03
   1.2540000e+03
   1.2620000e+03
   1.2830000e+03
   1.3800000e+03
   1.3960000e+03
   1.4450000e+03
   1.4710000e+03
   1.5020000e+03
   1.5730000e+03
   1.5820000e+03
   1.9410000e+03
   1.9510000e+03
   1.9630000e+03
   1.9780000e+03
   1.9840000e+03
   1.9900000e+03
   1.9960000e+03
   2.0020000e+03
   2.0060000e+03
   2.0170000e+03
   2.0250000e+03
   2.0440000e+03
   2.0580000e+03
   2.0740000e+03
   2.0910000e+03
   2.1050000e+03
   2.1120000e+03
   2.1190000e+03
   2.1290000e+03
   2.1520000e+03
   2.1680000e+03
   2.1810000e+03
   2.1890000e+03
   2.2040000e+03
   2.2180000e+03
   2.2290000e+03
   2.2560000e+03
   2.2660000e+03
   2.2830000e+03
   2.2920000e+03
   2.3040000e+03
   2.3170000e+03
   2.3270000e+03
   2.3330000e+03
   2.3460000e+03
   2.3680000e+03
   2.3760000e+03
   2.3960000e+03
   2.4230000e+03
   2.4540000e+03
   2.5480000e+03
   2.5580000e+03
   2.5650000e+03
   2.6030000e+03
   2.6250000e+03
   2.6320000e+03
   2.6420000e+03
   2.6580000e+03
   2.7450000e+03
   2.7530000e+03
   2.7710000e+03
   2.7760000e+03
   2.8560000e+03
   2.8820000e+03
   2.8870000e+03
   3.0830000e+03
   3.0910000e+03
   3.1010000e+03
   3.1130000e+03
   3.1220000e+03
   3.1450000e+03
   3.1570000e+03
   3.2130000e+03
   3.2230000e+03
   3.2370000e+03
   3.2510000e+03
   3.2650000e+03
   3.2740000e+03
   3.2850000e+03
   3.2910000e+03
   3.3120000e+03
   3.3240000e+03
   3.3410000e+03
   3.3500000e+03
   3.3650000e+03
   3.3690000e+03
   3.3770000e+03
   3.3980000e+03
   3.4130000e+03
   3.4330000e+03
   3.4510000e+03
   3.4660000e+03
   3.4910000e+03
   3.5100000e+03
   3.5250000e+03
   3.5360000e+03
   3.5510000e+03
   3.7960000e+03
   3.8060000e+03
   3.8110000e+03
   3.8190000e+03
   3.8260000e+03
   3.8490000e+03
   3.8590000e+03
   3.8800000e+03
   3.9190000e+03
   3.9440000e+03
   3.9790000e+03
   4.0000000e+03
   4.0100000e+03
   4.0200000e+03
   4.0300000e+03
   4.0400000e+03
   4.0610000e+03
   4.0780000e+03
   4.0910000e+03
   4.1160000e+03
   4.1240000e+03
   4.1360000e+03
   4.1500000e+03
   4.1610000e+03
   4.1780000e+03
   4.2120000e+03
   4.2250000e+03
   4.2370000e+03
   4.2480000e+03
   4.2630000e+03
   4.2720000e+03
   4.2850000e+03
   4.2960000e+03
   4.3030000e+03
   4.4410000e+03
   4.4490000e+03
   4.4550000e+03
   4.4660000e+03
   4.4760000e+03
   4.4920000e+03
   4.5050000e+03
   4.5280000e+03
   4.5530000e+03
   4.5860000e+03
   4.6380000e+03
   4.6560000e+03
   4.6680000e+03
   4.6730000e+03
   4.7010000e+03
   4.7410000e+03
   4.7780000e+03
   4.7910000e+03
   4.7980000e+03
   4.8100000e+03
   4.8180000e+03
   4.8300000e+03
   4.8450000e+03
   4.8590000e+03
   4.8710000e+03
   4.8840000e+03
   4.8930000e+03
   5.0630000e+03
   5.0740000e+03
   5.0940000e+03
   5.3040000e+03
   5.3180000e+03
   5.3340000e+03
   5.3500000e+03
   5.3690000e+03
   5.3830000e+03
   5.4000000e+03
   5.4120000e+03
   5.4250000e+03
   5.4370000e+03
   5.4600000e+03
   5.4730000e+03
   5.4850000e+03
   5.5180000e+03
   5.6860000e+03
   5.7030000e+03
   5.8970000e+03
   5.9800000e+03
   6.0040000e+03
   6.0930000e+03
   6.1470000e+03
   6.1560000e+03
   6.1720000e+03
   6.1920000e+03
   6.2040000e+03
   6.2150000e+03
   6.2260000e+03
   6.2340000e+03
   6.2390000e+03
   6.2430000e+03
   6.2480000e+03
   6.2550000e+03
   6.2590000e+03
   6.2680000e+03
   6.2770000e+03
   6.2820000e+03
   6.2920000e+03
   6.3050000e+03
   6.3170000e+03
   6.3300000e+03
   6.3350000e+03
   6.3550000e+03
   6.3810000e+03
   6.4050000e+03
   6.6140000e+03
   6.6410000e+03
   6.7200000e+03
   6.9620000e+03
   6.9700000e+03
   6.9830000e+03
   6.9900000e+03
   7.0010000e+03
   7.0160000e+03
   7.0240000e+03
   7.0380000e+03
   7.0500000e+03
   7.0540000e+03
   7.0670000e+03
   7.0810000e+03
   7.0900000e+03
   7.1020000e+03
   7.1150000e+03
   7.1280000e+03
   7.1460000e+03
   7.1550000e+03
   7.1610000e+03
   7.1710000e+03
   7.1830000e+03
   7.1900000e+03
   7.2030000e+03
   7.2170000e+03
   7.2280000e+03
   7.2490000e+03
   7.2620000e+03
   7.2850000e+03
   7.2970000e+03
   7.9700000e+03
   8.2240000e+03
   8.2420000e+03
   8.3540000e+03
   8.3640000e+03
   8.3780000e+03
   8.3940000e+03
   8.4090000e+03
   8.4240000e+03
   8.4430000e+03
   8.4670000e+03
   8.4780000e+03
   8.4860000e+03
   8.5000000e+03
   8.5070000e+03
   8.5140000e+03
   8.5320000e+03
   8.5480000e+03
   8.5610000e+03
   8.5760000e+03
   8.5890000e+03
   8.6000000e+03
   8.6100000e+03
   8.6220000e+03
   8.6360000e+03
   8.6710000e+03
   8.7110000e+03
   8.7280000e+03
   8.7590000e+03
   8.7710000e+03
   8.7860000e+03
   8.7940000e+03
   8.8020000e+03
   8.8130000e+03
   8.8250000e+03
   8.8400000e+03
   8.8490000e+03
   8.8610000e+03
   8.8770000e+03
   8.9020000e+03
   8.9220000e+03
   8.9680000e+03
   8.9850000e+03
   9.0220000e+03
   9.0310000e+03
   9.0410000e+03
   9.0580000e+03
   9.0780000e+03
   9.0850000e+03
   9.1030000e+03
   9.1190000e+03
   9.1350000e+03
   9.1490000e+03
   9.1650000e+03
   9.1790000e+03
   9.2060000e+03
   9.2360000e+03
   9.2750000e+03
   9.7330000e+03
   9.7500000e+03
   9.7580000e+03
   9.7730000e+03
   9.7930000e+03
   9.8110000e+03
   9.8220000e+03
   9.8360000e+03
   9.8440000e+03
   9.8530000e+03
   9.8590000e+03
   9.8690000e+03
   9.8810000e+03
   9.8910000e+03
   9.9030000e+03
   9.9100000e+03
   9.9170000e+03
   9.9240000e+03
   9.9300000e+03
   9.9450000e+03
   9.9530000e+03
   9.9670000e+03
   9.9770000e+03
   9.9890000e+03
   1.0009000e+04
   1.0024000e+04
