   1.4700000e+02
   1.5800000e+02
   1.6500000e+02
   1.7400000e+02
   1.8100000e+02
   1.8900000e+02
   1.9600000e+02
   2.0300000e+02
   2.0900000e+02
   2.1900000e+02
   2.3500000e+02
   3.9900000e+02
   4.0600000e+02
   4.1300000e+02
   4.2800000e+02
   4.4000000e+02
   4.5000000e+02
   4.6100000e+02
   4.7400000e+02
   4.9000000e+02
   5.1900000e+02
   5.3500000e+02
   5.5200000e+02
   5.6400000e+02
   7.1600000e+02
   8.7100000e+02
   8.8200000e+02
   8.8900000e+02
   9.0200000e+02
   9.0900000e+02
   9.1700000e+02
   9.2200000e+02
   9.3000000e+02
   9.3700000e+02
   9.4400000e+02
   9.5600000e+02
   9.7400000e+02
   1.2100000e+03
   1.2370000e+03
   1.2460000e+03
   1.2580000e+03
   1.2700000e+03
   1.2840000e+03
   1.2990000e+03
   1.3810000e+03
   1.4100000e+03
   1.4460000e+03
   1.4700000e+03
   1.4860000e+03
   1.5230000e+03
   1.5700000e+03
   1.5800000e+03
   1.5910000e+03
   1.9530000e+03
   1.9600000e+03
   1.9730000e+03
   1.9810000e+03
   1.9870000e+03
   1.9920000e+03
   2.0010000e+03
   2.0110000e+03
   2.0170000e+03
   2.0230000e+03
   2.0350000e+03
   2.0470000e+03
   2.0560000e+03
   2.0690000e+03
   2.0850000e+03
   2.0970000e+03
   2.1060000e+03
   2.1130000e+03
   2.1180000e+03
   2.1290000e+03
   2.1400000e+03
   2.1510000e+03
   2.1670000e+03
   2.1830000e+03
   2.1940000e+03
   2.2010000e+03
   2.2220000e+03
   2.2610000e+03
   2.2700000e+03
   2.2760000e+03
   2.2890000e+03
   2.2960000e+03
   2.3070000e+03
   2.3170000e+03
   2.3300000e+03
   2.3400000e+03
   2.3510000e+03
   2.3640000e+03
   2.3790000e+03
   2.4040000e+03
   2.4280000e+03
   2.4520000e+03
   2.5550000e+03
   2.5710000e+03
   2.6130000e+03
   2.6270000e+03
   2.6380000e+03
   2.6450000e+03
   2.6600000e+03
   2.6760000e+03
   2.7390000e+03
   2.7520000e+03
   2.7710000e+03
   2.7840000e+03
   2.8050000e+03
   2.8230000e+03
   2.8540000e+03
   2.8700000e+03
   3.0910000e+03
   3.1050000e+03
   3.1180000e+03
   3.1260000e+03
   3.1340000e+03
   3.1500000e+03
   3.1550000e+03
   3.1670000e+03
   3.1760000e+03
   3.1970000e+03
   3.2110000e+03
   3.2160000e+03
   3.2260000e+03
   3.2480000e+03
   3.2650000e+03
   3.2760000e+03
   3.2970000e+03
   3.3090000e+03
   3.3240000e+03
   3.3410000e+03
   3.3580000e+03
   3.3620000e+03
   3.3780000e+03
   3.3850000e+03
   3.3990000e+03
   3.4210000e+03
   3.4430000e+03
   3.4520000e+03
   3.4770000e+03
   3.5290000e+03
   3.5360000e+03
   3.5510000e+03
   3.8040000e+03
   3.8170000e+03
   3.8260000e+03
   3.8350000e+03
   3.8460000e+03
   3.8630000e+03
   3.8750000e+03
   3.8860000e+03
   3.9000000e+03
   3.9320000e+03
   3.9780000e+03
   4.0180000e+03
   4.0240000e+03
   4.0350000e+03
   4.0670000e+03
   4.1000000e+03
   4.1150000e+03
   4.1260000e+03
   4.1350000e+03
   4.1490000e+03
   4.1730000e+03
   4.1860000e+03
   4.2100000e+03
   4.2180000e+03
   4.2260000e+03
   4.2490000e+03
   4.2580000e+03
   4.2730000e+03
   4.2870000e+03
   4.3010000e+03
   4.3120000e+03
   4.4440000e+03
   4.4560000e+03
   4.4740000e+03
   4.4840000e+03
   4.5020000e+03
   4.5300000e+03
   4.5470000e+03
   4.5680000e+03
   4.6480000e+03
   4.6650000e+03
   4.6850000e+03
   4.7230000e+03
   4.7890000e+03
   4.7950000e+03
   4.8060000e+03
   4.8130000e+03
   4.8260000e+03
   4.8390000e+03
   4.8510000e+03
   4.8690000e+03
   4.8770000e+03
   4.8890000e+03
   4.9680000e+03
   5.0700000e+03
   5.0820000e+03
   5.0950000e+03
   5.1060000e+03
   5.1150000e+03
   5.1230000e+03
   5.1290000e+03
   5.1440000e+03
   5.1570000e+03
   5.1870000e+03
   5.1980000e+03
   5.2080000e+03
   5.2130000e+03
   5.2250000e+03
   5.2380000e+03
   5.2460000e+03
   5.2630000e+03
   5.2840000e+03
   5.3280000e+03
   5.4210000e+03
   5.5050000e+03
   5.5160000e+03
   5.5250000e+03
   5.5400000e+03
   5.5590000e+03
   5.6000000e+03
   5.6110000e+03
   5.6430000e+03
   5.6580000e+03
   5.7410000e+03
   5.7660000e+03
   5.7910000e+03
   5.8070000e+03
   5.8200000e+03
   5.8310000e+03
   5.8430000e+03
   5.8490000e+03
   5.8560000e+03
   5.8710000e+03
   5.8860000e+03
   5.9110000e+03
   5.9310000e+03
   5.9560000e+03
   5.9700000e+03
   6.0050000e+03
   6.0110000e+03
   6.0720000e+03
   6.3840000e+03
   6.4010000e+03
   6.4090000e+03
   6.4190000e+03
   6.4390000e+03
   6.4560000e+03
   6.4720000e+03
   6.4790000e+03
   6.4860000e+03
   6.5000000e+03
   6.5050000e+03
   6.5160000e+03
   6.5200000e+03
   6.5270000e+03
   6.5370000e+03
   6.5440000e+03
   6.5510000e+03
   6.5610000e+03
   6.5670000e+03
   6.5740000e+03
   6.5800000e+03
   6.5900000e+03
   6.5950000e+03
   6.6070000e+03
   6.6170000e+03
   6.6370000e+03
   6.6500000e+03
   6.6620000e+03
   6.6790000e+03
   6.6970000e+03
   6.7040000e+03
   6.7150000e+03
   6.7380000e+03
   6.7500000e+03
   6.7710000e+03
   6.7820000e+03
   6.8000000e+03
   6.8110000e+03
   6.8200000e+03
   6.8300000e+03
   6.8440000e+03
   6.8620000e+03
   6.8820000e+03
   6.8960000e+03
   6.9250000e+03
   6.9850000e+03
   7.0260000e+03
   7.0440000e+03
   7.0570000e+03
   7.0720000e+03
   7.1160000e+03
   7.1610000e+03
   7.3190000e+03
   7.3360000e+03
   7.3580000e+03
   7.3650000e+03
   7.3810000e+03
   7.3940000e+03
   7.4040000e+03
   7.4140000e+03
   7.4210000e+03
   7.4300000e+03
   7.4400000e+03
   7.4470000e+03
   7.4600000e+03
   7.4740000e+03
   7.4890000e+03
   7.4960000e+03
   7.5080000e+03
   7.5290000e+03
   7.5540000e+03
   7.7620000e+03
   7.7900000e+03
   7.8090000e+03
   7.8280000e+03
   7.8360000e+03
   7.8520000e+03
   7.8690000e+03
   7.8840000e+03
   7.8970000e+03
   7.9050000e+03
   7.9140000e+03
   7.9250000e+03
   7.9660000e+03
   8.1290000e+03
   8.1350000e+03
   8.1460000e+03
   8.1580000e+03
   8.1660000e+03
   8.1740000e+03
   8.1820000e+03
   8.1940000e+03
   8.2030000e+03
   8.2120000e+03
   8.2180000e+03
   8.2250000e+03
   8.2310000e+03
   8.2360000e+03
   8.2440000e+03
   8.2560000e+03
   8.2680000e+03
   8.2790000e+03
   8.2910000e+03
   8.2990000e+03
   8.3090000e+03
   8.3230000e+03
   8.3340000e+03
   8.3440000e+03
   8.3540000e+03
   8.3670000e+03
   8.3780000e+03
   8.3900000e+03
   8.4030000e+03
   8.4310000e+03
   8.4500000e+03
   8.4700000e+03
   8.7350000e+03
   8.7490000e+03
   8.7640000e+03
   8.7720000e+03
   8.7790000e+03
   8.7920000e+03
   8.7990000e+03
   8.8090000e+03
   8.8320000e+03
   8.8520000e+03
   8.8580000e+03
   8.8700000e+03
   8.8870000e+03
   8.8980000e+03
   8.9080000e+03
   8.9500000e+03
   9.0910000e+03
   9.1120000e+03
   9.1230000e+03
   9.1330000e+03
   9.1460000e+03
   9.1610000e+03
   9.1700000e+03
   9.1760000e+03
   9.1840000e+03
   9.1970000e+03
   9.2040000e+03
   9.2110000e+03
   9.2190000e+03
   9.2260000e+03
   9.2330000e+03
   9.2420000e+03
   9.2510000e+03
   9.2620000e+03
   9.2860000e+03
   9.3110000e+03
   9.3200000e+03
   9.3320000e+03
   9.3410000e+03
   9.3570000e+03
   9.3740000e+03
   9.3860000e+03
   9.4000000e+03
   9.4170000e+03
   9.4300000e+03
   9.4520000e+03
   9.4680000e+03
   9.4850000e+03
   9.5010000e+03
   9.5570000e+03
   9.5760000e+03
   9.5980000e+03
   9.6310000e+03
   9.6510000e+03
   9.6660000e+03
   9.7410000e+03
   9.7660000e+03
   9.7710000e+03
   9.7870000e+03
   9.7990000e+03
   9.8110000e+03
   9.8390000e+03
   9.8510000e+03
   9.8810000e+03
   9.9060000e+03
   9.9480000e+03
   9.9730000e+03
   9.9950000e+03
   1.0037000e+04
