   6.1000000e+01
   9.6000000e+01
   1.0800000e+02
   1.2600000e+02
   1.3500000e+02
   1.4700000e+02
   1.5300000e+02
   1.5900000e+02
   1.6400000e+02
   1.6900000e+02
   1.7400000e+02
   1.7700000e+02
   1.8100000e+02
   1.8400000e+02
   1.8700000e+02
   1.9100000e+02
   1.9600000e+02
   2.0000000e+02
   2.0500000e+02
   2.1100000e+02
   2.1600000e+02
   2.3400000e+02
   2.6900000e+02
   3.8900000e+02
   3.9500000e+02
   4.0100000e+02
   4.1400000e+02
   4.2600000e+02
   4.4200000e+02
   4.4600000e+02
   4.5700000e+02
   4.6800000e+02
   4.8700000e+02
   5.0200000e+02
   5.2400000e+02
   5.3400000e+02
   5.4300000e+02
   5.5500000e+02
   5.6500000e+02
   5.8300000e+02
   6.2000000e+02
   7.0700000e+02
   8.6600000e+02
   8.7900000e+02
   8.9600000e+02
   9.0300000e+02
   9.0900000e+02
   9.1500000e+02
   9.2200000e+02
   9.2900000e+02
   9.3600000e+02
   9.4500000e+02
   9.5500000e+02
   9.7100000e+02
   1.0050000e+03
   1.2010000e+03
   1.2280000e+03
   1.2390000e+03
   1.2490000e+03
   1.2550000e+03
   1.2610000e+03
   1.2700000e+03
   1.2850000e+03
   1.3820000e+03
   1.3920000e+03
   1.4180000e+03
   1.4410000e+03
   1.4740000e+03
   1.4960000e+03
   1.5080000e+03
   1.5690000e+03
   1.5870000e+03
   1.9450000e+03
   1.9540000e+03
   1.9580000e+03
   1.9700000e+03
   1.9830000e+03
   1.9880000e+03
   1.9950000e+03
   2.0000000e+03
   2.0090000e+03
   2.0160000e+03
   2.0220000e+03
   2.0340000e+03
   2.0490000e+03
   2.0620000e+03
   2.0770000e+03
   2.0930000e+03
   2.1040000e+03
   2.1100000e+03
   2.1160000e+03
   2.1290000e+03
   2.1430000e+03
   2.1600000e+03
   2.1820000e+03
   2.1890000e+03
   2.2080000e+03
   2.2130000e+03
   2.2290000e+03
   2.2460000e+03
   2.2590000e+03
   2.2720000e+03
   2.2810000e+03
   2.2910000e+03
   2.3060000e+03
   2.3150000e+03
   2.3250000e+03
   2.3340000e+03
   2.3440000e+03
   2.3540000e+03
   2.3610000e+03
   2.3700000e+03
   2.3790000e+03
   2.3970000e+03
   2.4270000e+03
   2.5520000e+03
   2.5600000e+03
   2.5830000e+03
   2.6060000e+03
   2.6210000e+03
   2.6270000e+03
   2.6390000e+03
   2.6730000e+03
   2.7270000e+03
   2.7400000e+03
   2.7500000e+03
   2.7670000e+03
   2.7780000e+03
   2.7960000e+03
   2.8250000e+03
   2.8780000e+03
   2.8920000e+03
   2.9770000e+03
   3.0830000e+03
   3.0880000e+03
   3.0950000e+03
   3.1040000e+03
   3.1150000e+03
   3.1240000e+03
   3.1440000e+03
   3.1530000e+03
   3.1600000e+03
   3.1720000e+03
   3.1880000e+03
   3.2110000e+03
   3.2230000e+03
   3.2290000e+03
   3.2480000e+03
   3.2690000e+03
   3.2760000e+03
   3.2900000e+03
   3.3060000e+03
   3.3170000e+03
   3.3360000e+03
   3.3500000e+03
   3.3600000e+03
   3.3680000e+03
   3.3770000e+03
   3.3900000e+03
   3.3960000e+03
   3.4040000e+03
   3.4250000e+03
   3.4380000e+03
   3.4490000e+03
   3.4660000e+03
   3.4840000e+03
   3.5130000e+03
   3.5320000e+03
   3.5510000e+03
   3.8020000e+03
   3.8190000e+03
   3.8250000e+03
   3.8320000e+03
   3.8450000e+03
   3.8670000e+03
   3.8860000e+03
   3.9250000e+03
   3.9430000e+03
   3.9640000e+03
   3.9840000e+03
   4.0140000e+03
   4.0190000e+03
   4.0360000e+03
   4.0560000e+03
   4.0660000e+03
   4.0820000e+03
   4.1140000e+03
   4.1180000e+03
   4.1300000e+03
   4.1440000e+03
   4.1540000e+03
   4.1690000e+03
   4.2070000e+03
   4.2240000e+03
   4.2370000e+03
   4.2550000e+03
   4.2710000e+03
   4.2790000e+03
   4.2870000e+03
   4.3030000e+03
   4.4380000e+03
   4.4460000e+03
   4.4510000e+03
   4.4630000e+03
   4.4700000e+03
   4.4850000e+03
   4.4940000e+03
   4.5220000e+03
   4.5340000e+03
   4.5620000e+03
   4.5750000e+03
   4.6400000e+03
   4.6520000e+03
   4.6650000e+03
   4.6750000e+03
   4.7130000e+03
   4.7800000e+03
   4.7900000e+03
   4.8060000e+03
   4.8150000e+03
   4.8260000e+03
   4.8330000e+03
   4.8410000e+03
   4.8530000e+03
   4.8620000e+03
   4.8770000e+03
   4.8880000e+03
   4.9180000e+03
   5.1540000e+03
   5.1670000e+03
   5.1740000e+03
   5.1870000e+03
   5.2000000e+03
   5.2130000e+03
   5.2360000e+03
   5.2560000e+03
   5.5270000e+03
   5.5410000e+03
   5.5520000e+03
   5.5600000e+03
   5.5850000e+03
   5.5940000e+03
   5.6520000e+03
   5.6660000e+03
   5.6830000e+03
   5.7100000e+03
   5.7400000e+03
   5.7730000e+03
   5.8130000e+03
   5.8970000e+03
   6.1330000e+03
   6.1410000e+03
   6.1660000e+03
   6.1880000e+03
   6.2020000e+03
   6.2870000e+03
   6.5620000e+03
   6.5690000e+03
   6.5770000e+03
   6.5860000e+03
   6.5930000e+03
   6.5980000e+03
   6.6020000e+03
   6.6070000e+03
   6.6150000e+03
   6.6260000e+03
   6.6350000e+03
   6.6390000e+03
   6.6450000e+03
   6.6500000e+03
   6.6570000e+03
   6.6630000e+03
   6.6710000e+03
   6.6790000e+03
   6.6870000e+03
   6.7020000e+03
   6.7170000e+03
   6.7310000e+03
   6.7510000e+03
   6.7700000e+03
   6.8200000e+03
   6.8760000e+03
   6.8900000e+03
   6.9240000e+03
   6.9870000e+03
   7.1850000e+03
   7.3630000e+03
   7.3960000e+03
   7.4140000e+03
   7.4340000e+03
   7.4530000e+03
   7.4930000e+03
   7.5150000e+03
   7.5430000e+03
   7.5510000e+03
   7.5730000e+03
   7.5800000e+03
   7.5890000e+03
   7.6000000e+03
   7.6240000e+03
   7.6600000e+03
   7.6680000e+03
   7.7100000e+03
   7.7230000e+03
   7.8480000e+03
   7.8680000e+03
   7.8860000e+03
   7.9190000e+03
   7.9360000e+03
   7.9570000e+03
   7.9710000e+03
   8.0040000e+03
   8.0230000e+03
   8.0410000e+03
   8.0620000e+03
   8.0750000e+03
   8.3600000e+03
   8.3830000e+03
   8.4240000e+03
   8.6060000e+03
   8.6140000e+03
   8.6210000e+03
   8.6260000e+03
   8.6450000e+03
   8.6620000e+03
   8.6810000e+03
   8.6900000e+03
   8.7000000e+03
   8.7890000e+03
   8.8030000e+03
   8.8190000e+03
   8.8450000e+03
   9.5850000e+03
   9.6010000e+03
   9.6100000e+03
   9.6260000e+03
   9.6320000e+03
   9.6540000e+03
   9.6860000e+03
   9.7070000e+03
   9.7240000e+03
   9.7630000e+03
   9.7850000e+03
   9.8220000e+03
   9.8360000e+03
   1.0011000e+04
