   1.3200000e+02
   1.4900000e+02
   1.6400000e+02
   1.6900000e+02
   1.7500000e+02
   1.8400000e+02
   1.9000000e+02
   1.9900000e+02
   2.0500000e+02
   2.1800000e+02
   3.9800000e+02
   4.0400000e+02
   4.1200000e+02
   4.3900000e+02
   4.5300000e+02
   4.5700000e+02
   4.6800000e+02
   4.7500000e+02
   4.9000000e+02
   5.1400000e+02
   5.2700000e+02
   5.4700000e+02
   5.5700000e+02
   8.6500000e+02
   8.8000000e+02
   8.8900000e+02
   9.0300000e+02
   9.0700000e+02
   9.1200000e+02
   9.1800000e+02
   9.2400000e+02
   9.3000000e+02
   9.4600000e+02
   9.6200000e+02
   1.2410000e+03
   1.2460000e+03
   1.2560000e+03
   1.2640000e+03
   1.2730000e+03
   1.3760000e+03
   1.4380000e+03
   1.4600000e+03
   1.5020000e+03
   1.5780000e+03
   1.5840000e+03
   1.9470000e+03
   1.9560000e+03
   1.9630000e+03
   1.9740000e+03
   1.9840000e+03
   1.9910000e+03
   2.0010000e+03
   2.0110000e+03
   2.0220000e+03
   2.0310000e+03
   2.0390000e+03
   2.0610000e+03
   2.1030000e+03
   2.1070000e+03
   2.1150000e+03
   2.1230000e+03
   2.1420000e+03
   2.1690000e+03
   2.1790000e+03
   2.1860000e+03
   2.1950000e+03
   2.2120000e+03
   2.2650000e+03
   2.2750000e+03
   2.2830000e+03
   2.2990000e+03
   2.3080000e+03
   2.3190000e+03
   2.3290000e+03
   2.3460000e+03
   2.3590000e+03
   2.3710000e+03
   2.3820000e+03
   2.4010000e+03
   2.4330000e+03
   2.5570000e+03
   2.5660000e+03
   2.5830000e+03
   2.6410000e+03
   2.6570000e+03
   2.6890000e+03
   2.7440000e+03
   2.7480000e+03
   2.7650000e+03
   2.7910000e+03
   2.8260000e+03
   2.8750000e+03
   3.0870000e+03
   3.0940000e+03
   3.1040000e+03
   3.1130000e+03
   3.1190000e+03
   3.1390000e+03
   3.1570000e+03
   3.2070000e+03
   3.2210000e+03
   3.2340000e+03
   3.2690000e+03
   3.2770000e+03
   3.2900000e+03
   3.3090000e+03
   3.3230000e+03
   3.3490000e+03
   3.3590000e+03
   3.3710000e+03
   3.3780000e+03
   3.3950000e+03
   3.4010000e+03
   3.4210000e+03
   3.4340000e+03
   3.4520000e+03
   3.4710000e+03
   3.5020000e+03
   3.5260000e+03
   3.5350000e+03
   3.5420000e+03
   3.8020000e+03
   3.8080000e+03
   3.8130000e+03
   3.8250000e+03
   3.8360000e+03
   3.8420000e+03
   3.8550000e+03
   3.8820000e+03
   3.9120000e+03
   4.0140000e+03
   4.0220000e+03
   4.0330000e+03
   4.0460000e+03
   4.0610000e+03
   4.0830000e+03
   4.1170000e+03
   4.1300000e+03
   4.1420000e+03
   4.1490000e+03
   4.1690000e+03
   4.2040000e+03
   4.2250000e+03
   4.2390000e+03
   4.2520000e+03
   4.2640000e+03
   4.2750000e+03
   4.2860000e+03
   4.3090000e+03
   4.4480000e+03
   4.4550000e+03
   4.4760000e+03
   4.4990000e+03
   4.5180000e+03
   4.6460000e+03
   4.6660000e+03
   4.6810000e+03
   4.7810000e+03
   4.7920000e+03
   4.8020000e+03
   4.8110000e+03
   4.8280000e+03
   4.8330000e+03
   4.8470000e+03
   4.8700000e+03
   4.8830000e+03
   4.9480000e+03
   5.0410000e+03
   5.0450000e+03
   5.0490000e+03
   5.0550000e+03
   5.0590000e+03
   5.0940000e+03
   5.1110000e+03
   5.1190000e+03
   5.1770000e+03
   5.2020000e+03
   5.2110000e+03
   5.2200000e+03
   5.2300000e+03
   5.2430000e+03
   5.2580000e+03
   5.2840000e+03
   5.3050000e+03
   5.3140000e+03
   5.3290000e+03
   5.3420000e+03
   5.3540000e+03
   5.3840000e+03
   5.4180000e+03
   5.4250000e+03
   5.4410000e+03
   5.4580000e+03
   5.4800000e+03
   5.4940000e+03
   5.5100000e+03
   5.5360000e+03
   5.5610000e+03
   5.5830000e+03
   5.5980000e+03
   5.6210000e+03
   5.6520000e+03
   5.6730000e+03
   5.6900000e+03
   5.7080000e+03
   5.7180000e+03
   5.7270000e+03
   5.7470000e+03
   5.7670000e+03
   5.7920000e+03
   5.8080000e+03
   5.8320000e+03
   5.8680000e+03
   5.8890000e+03
   5.9310000e+03
   6.1760000e+03
   6.1890000e+03
   6.2040000e+03
   6.2140000e+03
   6.2270000e+03
   6.2410000e+03
   6.2490000e+03
   6.6150000e+03
   6.6330000e+03
   6.6620000e+03
   6.6990000e+03
   6.7230000e+03
   6.7610000e+03
   6.7990000e+03
   6.8070000e+03
   6.8280000e+03
   6.8450000e+03
   6.8550000e+03
   6.8690000e+03
   6.8830000e+03
   6.9040000e+03
   6.9360000e+03
   6.9620000e+03
   6.9830000e+03
   7.0040000e+03
   7.0110000e+03
   7.0300000e+03
   7.0450000e+03
   7.2050000e+03
   7.2170000e+03
   7.2240000e+03
   7.2300000e+03
   7.2430000e+03
   7.2520000e+03
   7.2660000e+03
   7.2880000e+03
   7.3180000e+03
   7.6310000e+03
   7.6470000e+03
   7.6530000e+03
   7.6590000e+03
   7.7040000e+03
   7.7420000e+03
   7.7590000e+03
   7.7700000e+03
   7.8920000e+03
   7.9640000e+03
   7.9860000e+03
   7.9900000e+03
   8.0010000e+03
   8.0100000e+03
   8.0330000e+03
   8.0640000e+03
   8.1620000e+03
   8.1680000e+03
   8.1800000e+03
   8.3480000e+03
   8.9180000e+03
   8.9250000e+03
   8.9420000e+03
   8.9540000e+03
   8.9730000e+03
   8.9870000e+03
   8.9950000e+03
   9.0030000e+03
   9.0110000e+03
   9.0170000e+03
   9.0270000e+03
   9.0360000e+03
   9.0530000e+03
   9.0670000e+03
   9.1740000e+03
   9.1850000e+03
   9.1990000e+03
   9.2710000e+03
   9.3380000e+03
   9.3510000e+03
   9.4300000e+03
   9.4360000e+03
   9.4470000e+03
   9.4520000e+03
   9.4670000e+03
   9.4760000e+03
   9.4890000e+03
   9.5010000e+03
   9.5480000e+03
   9.5620000e+03
   9.5890000e+03
   9.8670000e+03
   9.8820000e+03
   9.9100000e+03
   9.9400000e+03
   9.9530000e+03
   9.9620000e+03
   9.9770000e+03
   9.9870000e+03
   1.0000000e+04
   1.0006000e+04
   1.0012000e+04
   1.0019000e+04
   1.0026000e+04
   1.0038000e+04
