   1.4900000e+02
   1.5500000e+02
   1.6400000e+02
   1.6800000e+02
   1.7300000e+02
   1.7800000e+02
   1.8300000e+02
   1.8600000e+02
   1.9100000e+02
   1.9700000e+02
   2.0400000e+02
   2.0900000e+02
   2.1800000e+02
   2.2000000e+02
   2.4300000e+02
   2.5500000e+02
   3.9600000e+02
   4.1600000e+02
   4.2600000e+02
   4.3400000e+02
   4.4200000e+02
   4.5000000e+02
   4.5600000e+02
   4.6600000e+02
   4.7500000e+02
   4.8700000e+02
   5.0400000e+02
   5.2100000e+02
   5.5300000e+02
   5.6100000e+02
   5.8000000e+02
   6.0500000e+02
   8.7900000e+02
   8.9300000e+02
   8.9900000e+02
   9.0500000e+02
   9.1100000e+02
   9.2000000e+02
   9.2400000e+02
   9.3100000e+02
   9.4100000e+02
   9.5300000e+02
   9.6300000e+02
   9.7700000e+02
   1.2300000e+03
   1.2430000e+03
   1.2520000e+03
   1.2570000e+03
   1.2620000e+03
   1.2740000e+03
   1.2930000e+03
   1.5800000e+03
   1.9570000e+03
   1.9650000e+03
   1.9660000e+03
   1.9750000e+03
   1.9840000e+03
   1.9920000e+03
   1.9950000e+03
   2.0000000e+03
   2.0050000e+03
   2.0140000e+03
   2.0200000e+03
   2.0210000e+03
   2.0240000e+03
   2.0310000e+03
   2.0470000e+03
   2.0520000e+03
   2.0630000e+03
   2.0750000e+03
   2.0830000e+03
   2.0910000e+03
   2.1140000e+03
   2.1280000e+03
   2.1390000e+03
   2.1780000e+03
   2.2010000e+03
   2.2630000e+03
   2.2740000e+03
   2.2850000e+03
   2.3040000e+03
   2.3130000e+03
   2.3320000e+03
   2.3540000e+03
   2.3650000e+03
   2.3740000e+03
   2.5580000e+03
   2.5740000e+03
   2.6180000e+03
   2.6290000e+03
   2.6390000e+03
   2.6470000e+03
   2.6560000e+03
   2.6800000e+03
   2.7520000e+03
   2.7690000e+03
   2.7860000e+03
   2.7990000e+03
   2.8820000e+03
   3.0980000e+03
   3.1010000e+03
   3.1130000e+03
   3.1210000e+03
   3.1300000e+03
   3.1450000e+03
   3.1540000e+03
   3.2350000e+03
   3.2760000e+03
   3.2850000e+03
   3.2980000e+03
   3.3080000e+03
   3.3250000e+03
   3.3450000e+03
   3.3560000e+03
   3.3650000e+03
   3.3790000e+03
   3.3860000e+03
   3.3940000e+03
   3.4110000e+03
   3.4160000e+03
   3.4470000e+03
   3.4570000e+03
   3.4760000e+03
   3.5250000e+03
   3.5340000e+03
   3.5420000e+03
   3.8030000e+03
   3.8100000e+03
   3.8150000e+03
   3.8220000e+03
   3.8330000e+03
   3.8490000e+03
   3.8630000e+03
   3.8850000e+03
   3.9050000e+03
   4.0200000e+03
   4.0290000e+03
   4.0400000e+03
   4.0700000e+03
   4.0810000e+03
   4.0970000e+03
   4.1100000e+03
   4.1240000e+03
   4.1390000e+03
   4.1520000e+03
   4.1690000e+03
   4.2060000e+03
   4.2250000e+03
   4.2330000e+03
   4.2500000e+03
   4.2650000e+03
   4.2780000e+03
   4.2880000e+03
   4.4650000e+03
   4.4770000e+03
   4.4880000e+03
   4.5090000e+03
   4.5300000e+03
   4.6730000e+03
   4.6810000e+03
   4.7290000e+03
   4.8000000e+03
   4.8110000e+03
   4.8270000e+03
   4.8340000e+03
   4.8390000e+03
   4.8660000e+03
   4.8720000e+03
   4.8800000e+03
   5.2390000e+03
   5.2520000e+03
   5.2770000e+03
   5.2870000e+03
   5.3130000e+03
   5.3220000e+03
   5.3310000e+03
   5.4090000e+03
   5.4790000e+03
   5.6110000e+03
   5.6270000e+03
   5.6420000e+03
   5.6480000e+03
   5.6590000e+03
   5.6720000e+03
   5.6840000e+03
   5.7490000e+03
   5.7600000e+03
   5.7740000e+03
   6.0150000e+03
   6.0240000e+03
   6.0330000e+03
   6.0460000e+03
   6.0530000e+03
   6.0640000e+03
   6.0990000e+03
   6.1100000e+03
   6.1310000e+03
   6.1350000e+03
   6.1690000e+03
   6.2560000e+03
   6.2760000e+03
   6.2910000e+03
   6.3060000e+03
   6.3220000e+03
   6.3390000e+03
   6.9690000e+03
   6.9970000e+03
   7.0250000e+03
   7.0350000e+03
   7.1360000e+03
   7.2870000e+03
   7.3020000e+03
   7.3210000e+03
   7.3400000e+03
   7.3550000e+03
   7.3790000e+03
   7.3890000e+03
   7.3980000e+03
   7.4160000e+03
   7.4290000e+03
   7.4370000e+03
   7.4470000e+03
   7.4670000e+03
   7.4720000e+03
   7.4830000e+03
   7.4920000e+03
   7.5150000e+03
   7.5260000e+03
   7.5390000e+03
   7.5460000e+03
   7.5760000e+03
   7.5890000e+03
   7.6000000e+03
   7.6250000e+03
   7.6370000e+03
   7.6470000e+03
   7.6560000e+03
   7.6690000e+03
   7.6890000e+03
   7.8420000e+03
   7.8510000e+03
   7.8790000e+03
   7.8980000e+03
   7.9110000e+03
   8.3010000e+03
   8.3180000e+03
   8.3300000e+03
   8.3380000e+03
   8.3580000e+03
   8.3660000e+03
   8.3730000e+03
   8.3820000e+03
   8.3890000e+03
   8.3980000e+03
   8.4150000e+03
   8.4400000e+03
   8.4530000e+03
   8.4630000e+03
   8.4890000e+03
   8.5820000e+03
   8.5950000e+03
   8.6060000e+03
   8.6400000e+03
   8.6540000e+03
   8.6790000e+03
   8.8900000e+03
   8.9070000e+03
   8.9180000e+03
   8.9490000e+03
   8.9550000e+03
   8.9620000e+03
   8.9660000e+03
   8.9760000e+03
   8.9860000e+03
   8.9950000e+03
   9.0040000e+03
   9.0140000e+03
   9.0190000e+03
   9.0290000e+03
   9.0430000e+03
   9.0530000e+03
   9.0880000e+03
   9.1360000e+03
   9.1460000e+03
   9.1970000e+03
   9.2120000e+03
   9.2270000e+03
   9.2360000e+03
   9.2860000e+03
   9.3020000e+03
   9.3210000e+03
   9.3330000e+03
   9.3430000e+03
   9.3550000e+03
   9.3760000e+03
   9.4310000e+03
   9.4400000e+03
   9.4670000e+03
   9.4740000e+03
   9.4860000e+03
   9.4990000e+03
   9.5280000e+03
   9.5400000e+03
   9.5560000e+03
   9.6060000e+03
   9.6150000e+03
   9.6280000e+03
   9.6370000e+03
   9.6520000e+03
   9.6640000e+03
