   5.5000000e+01
   1.3900000e+02
   1.4500000e+02
   1.5400000e+02
   1.6600000e+02
   1.6900000e+02
   1.7400000e+02
   1.7700000e+02
   1.8200000e+02
   1.8600000e+02
   1.9200000e+02
   2.0200000e+02
   2.1400000e+02
   2.2000000e+02
   2.4700000e+02
   2.5200000e+02
   3.9200000e+02
   4.0200000e+02
   4.2000000e+02
   4.3100000e+02
   4.4200000e+02
   4.5100000e+02
   4.5700000e+02
   4.6300000e+02
   4.8200000e+02
   5.0500000e+02
   5.2100000e+02
   5.3400000e+02
   5.5000000e+02
   5.6300000e+02
   5.8400000e+02
   7.1600000e+02
   8.7200000e+02
   8.8400000e+02
   8.9300000e+02
   9.0300000e+02
   9.0800000e+02
   9.1600000e+02
   9.2000000e+02
   9.2500000e+02
   9.3000000e+02
   9.4000000e+02
   9.5300000e+02
   9.6800000e+02
   1.2030000e+03
   1.2260000e+03
   1.2420000e+03
   1.2550000e+03
   1.2590000e+03
   1.2700000e+03
   1.2830000e+03
   1.4270000e+03
   1.4560000e+03
   1.4900000e+03
   1.5710000e+03
   1.5750000e+03
   1.9450000e+03
   1.9560000e+03
   1.9670000e+03
   1.9780000e+03
   1.9870000e+03
   1.9930000e+03
   1.9990000e+03
   2.0080000e+03
   2.0130000e+03
   2.0270000e+03
   2.0320000e+03
   2.0560000e+03
   2.0610000e+03
   2.0740000e+03
   2.0880000e+03
   2.1000000e+03
   2.1100000e+03
   2.1160000e+03
   2.1330000e+03
   2.1460000e+03
   2.1730000e+03
   2.1860000e+03
   2.1950000e+03
   2.2060000e+03
   2.2150000e+03
   2.2480000e+03
   2.2750000e+03
   2.2890000e+03
   2.2990000e+03
   2.3100000e+03
   2.3200000e+03
   2.3290000e+03
   2.3400000e+03
   2.3550000e+03
   2.3590000e+03
   2.3690000e+03
   2.3890000e+03
   2.3950000e+03
   2.4140000e+03
   2.4300000e+03
   2.5510000e+03
   2.5590000e+03
   2.5720000e+03
   2.6280000e+03
   2.6420000e+03
   2.6530000e+03
   2.6720000e+03
   2.7410000e+03
   2.7450000e+03
   2.7570000e+03
   2.7730000e+03
   2.7850000e+03
   2.8080000e+03
   2.8790000e+03
   3.0820000e+03
   3.0950000e+03
   3.1050000e+03
   3.1140000e+03
   3.1240000e+03
   3.1380000e+03
   3.1470000e+03
   3.1680000e+03
   3.1800000e+03
   3.2250000e+03
   3.2300000e+03
   3.2450000e+03
   3.2740000e+03
   3.2900000e+03
   3.2960000e+03
   3.3160000e+03
   3.3320000e+03
   3.3490000e+03
   3.3580000e+03
   3.3640000e+03
   3.3770000e+03
   3.3860000e+03
   3.4000000e+03
   3.4080000e+03
   3.4200000e+03
   3.4410000e+03
   3.4520000e+03
   3.4690000e+03
   3.4990000e+03
   3.5200000e+03
   3.5300000e+03
   3.5400000e+03
   3.8020000e+03
   3.8070000e+03
   3.8140000e+03
   3.8200000e+03
   3.8320000e+03
   3.8450000e+03
   3.8530000e+03
   3.8630000e+03
   3.8820000e+03
   3.9040000e+03
   3.9380000e+03
   4.0010000e+03
   4.0130000e+03
   4.0250000e+03
   4.0430000e+03
   4.0590000e+03
   4.0740000e+03
   4.0880000e+03
   4.1000000e+03
   4.1090000e+03
   4.1190000e+03
   4.1290000e+03
   4.1440000e+03
   4.1640000e+03
   4.1740000e+03
   4.2200000e+03
   4.2430000e+03
   4.2560000e+03
   4.2670000e+03
   4.2750000e+03
   4.2870000e+03
   4.4350000e+03
   4.4440000e+03
   4.4530000e+03
   4.4620000e+03
   4.4790000e+03
   4.4950000e+03
   4.5060000e+03
   4.5300000e+03
   4.5400000e+03
   4.5600000e+03
   4.6400000e+03
   4.6540000e+03
   4.6740000e+03
   4.7010000e+03
   4.7890000e+03
   4.7970000e+03
   4.8040000e+03
   4.8210000e+03
   4.8270000e+03
   4.8310000e+03
   4.8610000e+03
   4.8740000e+03
   4.8940000e+03
   4.9060000e+03
   4.9500000e+03
   5.0580000e+03
   5.0700000e+03
   5.0830000e+03
   5.1220000e+03
   5.1360000e+03
   5.1640000e+03
   5.1770000e+03
   5.2080000e+03
   5.2170000e+03
   5.2320000e+03
   5.2830000e+03
   5.2990000e+03
   5.3270000e+03
   5.3840000e+03
   5.4230000e+03
   5.4440000e+03
   5.4630000e+03
   5.4780000e+03
   5.5130000e+03
   5.5810000e+03
   5.5980000e+03
   5.6530000e+03
   5.7020000e+03
   5.7140000e+03
   5.7330000e+03
   5.7470000e+03
   5.7620000e+03
   5.7770000e+03
   5.7990000e+03
   5.8110000e+03
   5.8240000e+03
   5.8340000e+03
   5.8430000e+03
   5.8600000e+03
   5.8660000e+03
   5.8800000e+03
   5.8930000e+03
   5.9060000e+03
   5.9160000e+03
   5.9410000e+03
   5.9600000e+03
   6.0260000e+03
   6.1620000e+03
   6.2200000e+03
   6.9050000e+03
   6.9230000e+03
   7.2480000e+03
   7.3220000e+03
   7.3300000e+03
   7.3420000e+03
   7.3570000e+03
   7.6180000e+03
   7.9660000e+03
   8.0220000e+03
   8.0410000e+03
   8.0490000e+03
   8.0600000e+03
   8.0720000e+03
   8.0940000e+03
   8.1060000e+03
   8.1250000e+03
   8.1560000e+03
   8.1730000e+03
   8.2040000e+03
   8.5060000e+03
   8.5480000e+03
   8.5560000e+03
   8.5700000e+03
   8.5770000e+03
   8.5810000e+03
   8.5870000e+03
   8.6000000e+03
   8.6080000e+03
   8.6150000e+03
   8.6280000e+03
   8.6370000e+03
   8.6460000e+03
   8.6530000e+03
   8.6570000e+03
   8.6630000e+03
   8.6670000e+03
   8.6730000e+03
   8.6770000e+03
   8.6820000e+03
   8.6870000e+03
   8.6940000e+03
   8.6980000e+03
   8.7110000e+03
   8.7320000e+03
   8.7420000e+03
   8.7470000e+03
   8.7550000e+03
   8.7700000e+03
   8.7750000e+03
   8.7910000e+03
   8.8070000e+03
   8.8270000e+03
   8.8450000e+03
   8.8550000e+03
   9.1810000e+03
   9.2000000e+03
   9.2680000e+03
   9.4360000e+03
   9.4840000e+03
   9.5000000e+03
   9.5080000e+03
   9.5180000e+03
   9.5240000e+03
   9.5360000e+03
   9.5420000e+03
   9.5520000e+03
   9.5580000e+03
   9.5640000e+03
   9.5700000e+03
   9.5750000e+03
   9.5820000e+03
   9.5870000e+03
   9.5940000e+03
   9.6000000e+03
   9.6100000e+03
   9.6210000e+03
   9.6320000e+03
   9.6420000e+03
   9.6670000e+03
   9.8600000e+03
   9.8840000e+03
   9.8920000e+03
   9.9090000e+03
   9.9210000e+03
   9.9290000e+03
   9.9370000e+03
   9.9500000e+03
   9.9560000e+03
   9.9700000e+03
   9.9830000e+03
   9.9910000e+03
   1.0002000e+04
   1.0011000e+04
   1.0027000e+04
