   3.8000000e+01
   1.3500000e+02
   1.4900000e+02
   1.6100000e+02
   1.6700000e+02
   1.7100000e+02
   1.8100000e+02
   1.8700000e+02
   1.9100000e+02
   2.0300000e+02
   2.0800000e+02
   2.1900000e+02
   2.3500000e+02
   2.5100000e+02
   4.0200000e+02
   4.1100000e+02
   4.2400000e+02
   4.3500000e+02
   4.4800000e+02
   4.6000000e+02
   4.6800000e+02
   4.7900000e+02
   4.9200000e+02
   5.2900000e+02
   5.4800000e+02
   5.5700000e+02
   5.7600000e+02
   5.9500000e+02
   8.8600000e+02
   8.9900000e+02
   9.0500000e+02
   9.0900000e+02
   9.1400000e+02
   9.2100000e+02
   9.2600000e+02
   9.3000000e+02
   9.4400000e+02
   9.5500000e+02
   9.6400000e+02
   9.9100000e+02
   1.2220000e+03
   1.2360000e+03
   1.2460000e+03
   1.2540000e+03
   1.2640000e+03
   1.2710000e+03
   1.2810000e+03
   1.3070000e+03
   1.3750000e+03
   1.3870000e+03
   1.4270000e+03
   1.4460000e+03
   1.4870000e+03
   1.5020000e+03
   1.5720000e+03
   1.5820000e+03
   1.5990000e+03
   1.9550000e+03
   1.9610000e+03
   1.9710000e+03
   1.9780000e+03
   1.9850000e+03
   1.9910000e+03
   1.9970000e+03
   2.0020000e+03
   2.0080000e+03
   2.0170000e+03
   2.0250000e+03
   2.0350000e+03
   2.0400000e+03
   2.0500000e+03
   2.0640000e+03
   2.0740000e+03
   2.0870000e+03
   2.0970000e+03
   2.1070000e+03
   2.1190000e+03
   2.1250000e+03
   2.1400000e+03
   2.1600000e+03
   2.1760000e+03
   2.1860000e+03
   2.1910000e+03
   2.2040000e+03
   2.2390000e+03
   2.2550000e+03
   2.2650000e+03
   2.2780000e+03
   2.2880000e+03
   2.2980000e+03
   2.3100000e+03
   2.3200000e+03
   2.3290000e+03
   2.3440000e+03
   2.3580000e+03
   2.3660000e+03
   2.3870000e+03
   2.4190000e+03
   2.4340000e+03
   2.4550000e+03
   2.5490000e+03
   2.5630000e+03
   2.5910000e+03
   2.6200000e+03
   2.6350000e+03
   2.6420000e+03
   2.6550000e+03
   2.6710000e+03
   2.6990000e+03
   2.7430000e+03
   2.7550000e+03
   2.7750000e+03
   2.7900000e+03
   2.8010000e+03
   2.8250000e+03
   2.8570000e+03
   2.8700000e+03
   3.0900000e+03
   3.0980000e+03
   3.1080000e+03
   3.1130000e+03
   3.1340000e+03
   3.1450000e+03
   3.1560000e+03
   3.1670000e+03
   3.1820000e+03
   3.2100000e+03
   3.2190000e+03
   3.2320000e+03
   3.2540000e+03
   3.2680000e+03
   3.2760000e+03
   3.2860000e+03
   3.2970000e+03
   3.3110000e+03
   3.3220000e+03
   3.3550000e+03
   3.3650000e+03
   3.3790000e+03
   3.3840000e+03
   3.3980000e+03
   3.4100000e+03
   3.4260000e+03
   3.4390000e+03
   3.4470000e+03
   3.4580000e+03
   3.4740000e+03
   3.5220000e+03
   3.5350000e+03
   3.5480000e+03
   3.7940000e+03
   3.8060000e+03
   3.8130000e+03
   3.8180000e+03
   3.8290000e+03
   3.8370000e+03
   3.8710000e+03
   3.8880000e+03
   3.9110000e+03
   3.9360000e+03
   4.0010000e+03
   4.0120000e+03
   4.0180000e+03
   4.0270000e+03
   4.0400000e+03
   4.0730000e+03
   4.0820000e+03
   4.0930000e+03
   4.1130000e+03
   4.1230000e+03
   4.1300000e+03
   4.1440000e+03
   4.1600000e+03
   4.1900000e+03
   4.2170000e+03
   4.2300000e+03
   4.2400000e+03
   4.2590000e+03
   4.2750000e+03
   4.2890000e+03
   4.3040000e+03
   4.4420000e+03
   4.4520000e+03
   4.4620000e+03
   4.4690000e+03
   4.4810000e+03
   4.4990000e+03
   4.5130000e+03
   4.5360000e+03
   4.5440000e+03
   4.5690000e+03
   4.6220000e+03
   4.6370000e+03
   4.6510000e+03
   4.6610000e+03
   4.6700000e+03
   4.6880000e+03
   4.7860000e+03
   4.7940000e+03
   4.8000000e+03
   4.8090000e+03
   4.8200000e+03
   4.8270000e+03
   4.8410000e+03
   4.8550000e+03
   4.8670000e+03
   4.8770000e+03
   4.8850000e+03
   4.9500000e+03
   4.9630000e+03
   5.0520000e+03
   5.0590000e+03
   5.0740000e+03
   5.0880000e+03
   5.1050000e+03
   5.1120000e+03
   5.1250000e+03
   5.1390000e+03
   5.1550000e+03
   5.1670000e+03
   5.1850000e+03
   5.1970000e+03
   5.2040000e+03
   5.2120000e+03
   5.2270000e+03
   5.2310000e+03
   5.2460000e+03
   5.2600000e+03
   5.2790000e+03
   5.2920000e+03
   5.3110000e+03
   5.3400000e+03
   5.5180000e+03
   5.5390000e+03
   5.5520000e+03
   5.5610000e+03
   5.5760000e+03
   5.5870000e+03
   5.6150000e+03
   5.6330000e+03
   5.6450000e+03
   5.6550000e+03
   5.6670000e+03
   5.6860000e+03
   5.7240000e+03
   5.7320000e+03
   5.7480000e+03
   5.7640000e+03
   5.8370000e+03
   6.1030000e+03
   6.1150000e+03
   6.1300000e+03
   6.1440000e+03
   6.1520000e+03
   6.1590000e+03
   6.1710000e+03
   6.1780000e+03
   6.1900000e+03
   6.1970000e+03
   6.2080000e+03
   6.2150000e+03
   6.2250000e+03
   6.2310000e+03
   6.2420000e+03
   6.2480000e+03
   6.2620000e+03
   6.2870000e+03
   6.6000000e+03
   6.8910000e+03
   6.9030000e+03
   6.9100000e+03
   6.9330000e+03
   6.9450000e+03
   6.9660000e+03
   6.9810000e+03
   6.9870000e+03
   7.0060000e+03
   7.0150000e+03
   7.0290000e+03
   7.0470000e+03
   7.0590000e+03
   7.0690000e+03
   7.0840000e+03
   7.1010000e+03
   7.1190000e+03
   7.1280000e+03
   7.1340000e+03
   7.1480000e+03
   7.1540000e+03
   7.1640000e+03
   7.1720000e+03
   7.1850000e+03
   7.1970000e+03
   7.2090000e+03
   7.2170000e+03
   7.2270000e+03
   7.2370000e+03
   7.2440000e+03
   7.2560000e+03
   7.2710000e+03
   7.2760000e+03
   7.2850000e+03
   7.2970000e+03
   7.3100000e+03
   7.7190000e+03
   7.7350000e+03
   7.7470000e+03
   7.7530000e+03
   7.7620000e+03
   7.7730000e+03
   7.7770000e+03
   7.7870000e+03
   7.7970000e+03
   7.8070000e+03
   7.8150000e+03
   7.8250000e+03
   7.8320000e+03
   7.8420000e+03
   7.8560000e+03
   7.8970000e+03
   7.9560000e+03
   7.9640000e+03
   7.9800000e+03
   8.0050000e+03
   8.0320000e+03
   8.0610000e+03
   8.0700000e+03
   8.0810000e+03
   8.0920000e+03
   8.1060000e+03
   8.1340000e+03
   8.1580000e+03
   8.2200000e+03
   8.2340000e+03
   8.2490000e+03
   8.2620000e+03
   8.2710000e+03
   8.2850000e+03
   8.2970000e+03
   8.3050000e+03
   8.3150000e+03
   8.3200000e+03
   8.3290000e+03
   8.3410000e+03
   8.3510000e+03
   8.3610000e+03
   8.3750000e+03
   8.3940000e+03
   8.4190000e+03
   8.4410000e+03
   8.4540000e+03
   8.4930000e+03
   8.7780000e+03
   8.7890000e+03
   8.7960000e+03
   8.8230000e+03
   8.8440000e+03
   8.8810000e+03
   8.9020000e+03
   8.9160000e+03
   8.9610000e+03
   8.9690000e+03
   8.9900000e+03
   8.9960000e+03
   9.0110000e+03
   9.0290000e+03
   9.0460000e+03
   9.0610000e+03
   9.1460000e+03
   9.4350000e+03
   9.6030000e+03
   9.6100000e+03
   9.6450000e+03
   9.6550000e+03
   9.6690000e+03
   9.6770000e+03
   9.6900000e+03
   9.7020000e+03
   9.7380000e+03
   9.7470000e+03
   9.7590000e+03
   9.7700000e+03
   9.7800000e+03
   9.7970000e+03
   9.8520000e+03
   9.8780000e+03
   9.9350000e+03
   9.9450000e+03
   9.9510000e+03
   9.9630000e+03
   9.9730000e+03
   9.9890000e+03
   9.9990000e+03
   1.0014000e+04
   1.0023000e+04
