   1.4800000e+02
   1.6000000e+02
   1.6700000e+02
   1.7300000e+02
   1.8100000e+02
   1.8500000e+02
   1.9300000e+02
   1.9800000e+02
   2.1000000e+02
   2.1700000e+02
   4.1000000e+02
   4.2100000e+02
   4.3900000e+02
   4.5100000e+02
   4.6100000e+02
   4.8100000e+02
   5.2000000e+02
   5.3800000e+02
   5.5000000e+02
   5.7100000e+02
   9.0300000e+02
   9.1300000e+02
   9.2100000e+02
   9.2900000e+02
   9.4200000e+02
   1.2440000e+03
   1.2570000e+03
   1.2630000e+03
   1.2740000e+03
   1.9650000e+03
   1.9790000e+03
   1.9850000e+03
   1.9930000e+03
   1.9970000e+03
   2.0060000e+03
   2.0170000e+03
   2.0300000e+03
   2.0390000e+03
   2.0590000e+03
   2.0760000e+03
   2.1050000e+03
   2.1120000e+03
   2.1220000e+03
   2.1300000e+03
   2.1370000e+03
   2.1780000e+03
   2.1880000e+03
   2.1960000e+03
   2.2050000e+03
   2.2680000e+03
   2.2780000e+03
   2.2920000e+03
   2.3010000e+03
   2.3140000e+03
   2.3220000e+03
   2.3300000e+03
   2.3420000e+03
   2.3570000e+03
   2.3630000e+03
   2.5610000e+03
   2.5740000e+03
   2.6400000e+03
   2.6550000e+03
   2.7630000e+03
   2.7780000e+03
   2.7880000e+03
   2.8810000e+03
   3.1060000e+03
   3.1190000e+03
   3.1370000e+03
   3.2510000e+03
   3.2730000e+03
   3.2810000e+03
   3.2940000e+03
   3.3150000e+03
   3.3370000e+03
   3.3530000e+03
   3.3610000e+03
   3.3650000e+03
   3.3730000e+03
   3.3860000e+03
   3.4180000e+03
   3.4390000e+03
   3.4500000e+03
   3.4660000e+03
   3.5160000e+03
   3.5250000e+03
   3.8100000e+03
   3.8190000e+03
   3.8360000e+03
   3.8590000e+03
   3.9460000e+03
   3.9580000e+03
   4.0220000e+03
   4.0310000e+03
   4.1110000e+03
   4.1230000e+03
   4.1370000e+03
   4.2250000e+03
   4.2380000e+03
   4.2580000e+03
   4.2740000e+03
   4.2840000e+03
   4.2920000e+03
   4.4540000e+03
   4.4670000e+03
   4.4820000e+03
   4.5020000e+03
   4.5180000e+03
   4.5630000e+03
   4.6730000e+03
   4.6830000e+03
   4.8090000e+03
   4.8260000e+03
   4.8350000e+03
   4.8550000e+03
   4.8690000e+03
   4.8790000e+03
   5.3110000e+03
   5.3250000e+03
   5.3470000e+03
   5.3550000e+03
   5.3720000e+03
   5.3810000e+03
   5.3870000e+03
   5.3920000e+03
   5.4060000e+03
   5.4160000e+03
   5.4300000e+03
   5.7510000e+03
   5.7670000e+03
   5.7760000e+03
   5.7860000e+03
   5.8380000e+03
   5.8460000e+03
   5.8550000e+03
   5.8630000e+03
   5.8730000e+03
   5.8870000e+03
   5.8970000e+03
   5.9190000e+03
   5.9350000e+03
   5.9470000e+03
   5.9690000e+03
   5.9820000e+03
   5.9970000e+03
   6.2280000e+03
   6.2600000e+03
   6.2770000e+03
   6.3100000e+03
   6.3200000e+03
   6.9780000e+03
   6.9990000e+03
   7.0090000e+03
   7.0920000e+03
   7.3780000e+03
   7.3900000e+03
   7.3990000e+03
   7.4080000e+03
   7.4190000e+03
   7.4360000e+03
   7.4820000e+03
   7.5510000e+03
   7.6070000e+03
   7.6540000e+03
   7.6760000e+03
   7.6920000e+03
   7.7050000e+03
   7.7180000e+03
   7.7360000e+03
   7.7550000e+03
   7.7710000e+03
   7.7830000e+03
   7.7940000e+03
   7.8030000e+03
   7.8130000e+03
   7.8200000e+03
   7.8270000e+03
   7.8350000e+03
   7.8440000e+03
   7.8600000e+03
   7.8780000e+03
   7.8860000e+03
   7.9060000e+03
   7.9150000e+03
   7.9290000e+03
   8.2350000e+03
   8.2480000e+03
   8.2640000e+03
   8.2730000e+03
   8.2920000e+03
   8.3220000e+03
   8.5300000e+03
   8.5490000e+03
   8.6990000e+03
   8.7110000e+03
   8.7270000e+03
   8.7420000e+03
   8.7510000e+03
   8.7620000e+03
   8.7710000e+03
   8.7820000e+03
   8.7990000e+03
   8.8080000e+03
   8.8160000e+03
   8.8370000e+03
   8.8470000e+03
   8.8600000e+03
   9.2880000e+03
   9.3040000e+03
   9.3180000e+03
   9.3250000e+03
   9.3460000e+03
   9.7010000e+03
   9.7170000e+03
