   1.4400000e+02
   1.6100000e+02
   1.6500000e+02
   1.7100000e+02
   1.7500000e+02
   1.8100000e+02
   1.8700000e+02
   1.9600000e+02
   2.0600000e+02
   2.1500000e+02
   2.2600000e+02
   3.9000000e+02
   3.9900000e+02
   4.1200000e+02
   4.3000000e+02
   4.4500000e+02
   4.5200000e+02
   4.5900000e+02
   4.6600000e+02
   4.7900000e+02
   5.0000000e+02
   5.1900000e+02
   5.3000000e+02
   5.4900000e+02
   5.6500000e+02
   6.0600000e+02
   7.0400000e+02
   8.6900000e+02
   8.8300000e+02
   8.8800000e+02
   9.0100000e+02
   9.0700000e+02
   9.1300000e+02
   9.1800000e+02
   9.2500000e+02
   9.3700000e+02
   9.5100000e+02
   9.7000000e+02
   9.9300000e+02
   1.1950000e+03
   1.2100000e+03
   1.2300000e+03
   1.2360000e+03
   1.2450000e+03
   1.2510000e+03
   1.2570000e+03
   1.2660000e+03
   1.2770000e+03
   1.3810000e+03
   1.3870000e+03
   1.4240000e+03
   1.4450000e+03
   1.4810000e+03
   1.5750000e+03
   1.5800000e+03
   1.5940000e+03
   1.9400000e+03
   1.9540000e+03
   1.9620000e+03
   1.9730000e+03
   1.9820000e+03
   1.9870000e+03
   1.9950000e+03
   2.0020000e+03
   2.0080000e+03
   2.0170000e+03
   2.0260000e+03
   2.0320000e+03
   2.0400000e+03
   2.0610000e+03
   2.0760000e+03
   2.0900000e+03
   2.0980000e+03
   2.1070000e+03
   2.1200000e+03
   2.1380000e+03
   2.1500000e+03
   2.1740000e+03
   2.1860000e+03
   2.1930000e+03
   2.2090000e+03
   2.2390000e+03
   2.2580000e+03
   2.2700000e+03
   2.2760000e+03
   2.2890000e+03
   2.3000000e+03
   2.3090000e+03
   2.3180000e+03
   2.3260000e+03
   2.3370000e+03
   2.3510000e+03
   2.3640000e+03
   2.3740000e+03
   2.3890000e+03
   2.4010000e+03
   2.4120000e+03
   2.4340000e+03
   2.4540000e+03
   2.5480000e+03
   2.5540000e+03
   2.5640000e+03
   2.6070000e+03
   2.6320000e+03
   2.6430000e+03
   2.6490000e+03
   2.6720000e+03
   2.6970000e+03
   2.7370000e+03
   2.7430000e+03
   2.7610000e+03
   2.7810000e+03
   2.7890000e+03
   2.8050000e+03
   2.8160000e+03
   2.8460000e+03
   2.8670000e+03
   2.8910000e+03
   3.0770000e+03
   3.0900000e+03
   3.0980000e+03
   3.1080000e+03
   3.1160000e+03
   3.1240000e+03
   3.1380000e+03
   3.1450000e+03
   3.1560000e+03
   3.1620000e+03
   3.1890000e+03
   3.2150000e+03
   3.2300000e+03
   3.2540000e+03
   3.2730000e+03
   3.2790000e+03
   3.2980000e+03
   3.3170000e+03
   3.3350000e+03
   3.3470000e+03
   3.3630000e+03
   3.3670000e+03
   3.3810000e+03
   3.3930000e+03
   3.4020000e+03
   3.4130000e+03
   3.4290000e+03
   3.4470000e+03
   3.4640000e+03
   3.5200000e+03
   3.5270000e+03
   3.5360000e+03
   3.5450000e+03
   3.8020000e+03
   3.8100000e+03
   3.8140000e+03
   3.8220000e+03
   3.8380000e+03
   3.8470000e+03
   3.8670000e+03
   3.8780000e+03
   3.9000000e+03
   3.9290000e+03
   4.0110000e+03
   4.0200000e+03
   4.0300000e+03
   4.0460000e+03
   4.0600000e+03
   4.0760000e+03
   4.0890000e+03
   4.1090000e+03
   4.1150000e+03
   4.1290000e+03
   4.1360000e+03
   4.1480000e+03
   4.1640000e+03
   4.1910000e+03
   4.2130000e+03
   4.2280000e+03
   4.2460000e+03
   4.2570000e+03
   4.2740000e+03
   4.2810000e+03
   4.2960000e+03
   4.3040000e+03
   4.4470000e+03
   4.4530000e+03
   4.4610000e+03
   4.4770000e+03
   4.4910000e+03
   4.5080000e+03
   4.5480000e+03
   4.5580000e+03
   4.6450000e+03
   4.6560000e+03
   4.6750000e+03
   4.6900000e+03
   4.7200000e+03
   4.7800000e+03
   4.7900000e+03
   4.7990000e+03
   4.8080000e+03
   4.8250000e+03
   4.8360000e+03
   4.8480000e+03
   4.8620000e+03
   4.8700000e+03
   4.8830000e+03
   4.8960000e+03
   4.9550000e+03
   5.0530000e+03
   5.0610000e+03
   5.0660000e+03
   5.0760000e+03
   5.0900000e+03
   5.1020000e+03
   5.1140000e+03
   5.1210000e+03
   5.1270000e+03
   5.1380000e+03
   5.1450000e+03
   5.1600000e+03
   5.1760000e+03
   5.1880000e+03
   5.2050000e+03
   5.2590000e+03
   5.2980000e+03
   5.3170000e+03
   5.3420000e+03
   5.3640000e+03
   5.3800000e+03
   5.4000000e+03
   5.4070000e+03
   5.4160000e+03
   5.4270000e+03
   5.4400000e+03
   5.4550000e+03
   5.4630000e+03
   5.4750000e+03
   5.4830000e+03
   5.4980000e+03
   5.5070000e+03
   5.5160000e+03
   5.5290000e+03
   5.5370000e+03
   5.5450000e+03
   5.5590000e+03
   5.5800000e+03
   5.5920000e+03
   5.6190000e+03
   5.6430000e+03
   5.6680000e+03
   5.7080000e+03
   5.7480000e+03
   5.7750000e+03
   5.7950000e+03
   5.8080000e+03
   5.8280000e+03
   5.8390000e+03
   5.8740000e+03
   5.8790000e+03
   5.8930000e+03
   5.9000000e+03
   5.9160000e+03
   5.9250000e+03
   5.9500000e+03
   5.9690000e+03
   5.9910000e+03
   6.0100000e+03
   6.0320000e+03
   6.0550000e+03
   6.0920000e+03
   6.1010000e+03
   6.1250000e+03
   6.1690000e+03
   6.1840000e+03
   6.2030000e+03
   6.2170000e+03
   6.2250000e+03
   6.2430000e+03
   6.2690000e+03
   6.3210000e+03
   6.3400000e+03
   6.3520000e+03
   6.3620000e+03
   6.3730000e+03
   6.3860000e+03
   6.4150000e+03
   6.4350000e+03
   6.4510000e+03
   6.4670000e+03
   6.4820000e+03
   6.4980000e+03
   6.5100000e+03
   6.5270000e+03
   6.5410000e+03
   6.5600000e+03
   6.5690000e+03
   6.5810000e+03
   6.5900000e+03
   6.6040000e+03
   6.6150000e+03
   6.6310000e+03
   6.6500000e+03
   6.6620000e+03
   6.6730000e+03
   6.6900000e+03
   6.7100000e+03
   6.7410000e+03
   6.7670000e+03
   6.8080000e+03
   6.8230000e+03
   6.8400000e+03
   6.8510000e+03
   6.8590000e+03
   6.8670000e+03
   6.8750000e+03
   6.8840000e+03
   6.8930000e+03
   6.9080000e+03
   6.9230000e+03
   6.9320000e+03
   6.9480000e+03
   6.9650000e+03
   6.9830000e+03
   7.0070000e+03
   7.0290000e+03
   7.0500000e+03
   7.0690000e+03
   7.1110000e+03
   7.1350000e+03
   7.1580000e+03
   7.1890000e+03
   7.2220000e+03
   7.2350000e+03
   7.2530000e+03
   7.2730000e+03
   7.3110000e+03
   7.3260000e+03
   7.3430000e+03
   7.3680000e+03
   7.3910000e+03
   7.4060000e+03
   7.4250000e+03
   7.4360000e+03
   7.4500000e+03
   7.4610000e+03
   7.4680000e+03
   7.4810000e+03
   7.4960000e+03
   7.5080000e+03
   7.5310000e+03
   7.5540000e+03
   7.6110000e+03
   7.6450000e+03
   7.6560000e+03
   7.6780000e+03
   7.6990000e+03
   7.7280000e+03
   7.7360000e+03
   7.7570000e+03
   7.7750000e+03
   7.7930000e+03
   7.8060000e+03
   7.8180000e+03
   7.8290000e+03
   7.8410000e+03
   7.9050000e+03
   8.0260000e+03
   8.0310000e+03
   8.0460000e+03
   8.1300000e+03
   8.4100000e+03
   8.4160000e+03
   8.4250000e+03
   8.4300000e+03
   8.4360000e+03
   8.4390000e+03
   8.4430000e+03
   8.4500000e+03
   8.4590000e+03
   8.4660000e+03
   8.4770000e+03
   8.4830000e+03
   8.4940000e+03
   8.5000000e+03
   8.5080000e+03
   8.5150000e+03
   8.5240000e+03
   8.5330000e+03
   8.5450000e+03
   8.5540000e+03
   8.5710000e+03
   8.5860000e+03
   8.6070000e+03
   8.6350000e+03
   8.8280000e+03
   8.8310000e+03
   8.8480000e+03
   8.8590000e+03
   8.8710000e+03
   8.9020000e+03
   8.9120000e+03
   8.9350000e+03
   9.1310000e+03
   9.1430000e+03
   9.1580000e+03
   9.1670000e+03
   9.3120000e+03
   9.3500000e+03
   9.3660000e+03
   9.3880000e+03
   9.4010000e+03
   9.4120000e+03
   9.4270000e+03
   9.4530000e+03
   9.4690000e+03
   9.4830000e+03
   9.4990000e+03
   9.5080000e+03
   9.5200000e+03
   9.5300000e+03
   9.5400000e+03
   9.5510000e+03
   9.5640000e+03
   9.5800000e+03
   9.5900000e+03
   9.6070000e+03
   9.6140000e+03
   9.6230000e+03
   9.6320000e+03
   9.6380000e+03
   9.6520000e+03
   9.6580000e+03
   9.6700000e+03
   9.6890000e+03
   9.7030000e+03
   9.7210000e+03
   9.7360000e+03
   9.7540000e+03
   9.7800000e+03
   9.7970000e+03
   9.8120000e+03
   9.8220000e+03
   9.8300000e+03
   9.8450000e+03
   9.8540000e+03
   9.8720000e+03
   9.8850000e+03
   9.8920000e+03
   9.9060000e+03
   9.9150000e+03
   9.9280000e+03
   9.9420000e+03
   9.9550000e+03
   9.9660000e+03
   9.9740000e+03
   9.9970000e+03
   1.0011000e+04
   1.0034000e+04
