   9.7000000e+01
   1.3100000e+02
   1.5100000e+02
   1.5800000e+02
   1.6600000e+02
   1.7200000e+02
   1.7800000e+02
   1.8400000e+02
   1.8700000e+02
   1.9400000e+02
   1.9700000e+02
   2.0300000e+02
   2.0900000e+02
   2.1500000e+02
   2.2300000e+02
   2.3500000e+02
   2.5100000e+02
   3.9000000e+02
   3.9400000e+02
   4.1500000e+02
   4.2500000e+02
   4.3500000e+02
   4.4300000e+02
   4.5100000e+02
   4.6000000e+02
   4.6600000e+02
   4.7200000e+02
   4.8100000e+02
   4.9900000e+02
   5.1500000e+02
   5.3000000e+02
   5.4700000e+02
   5.6200000e+02
   5.7300000e+02
   6.2300000e+02
   6.9700000e+02
   8.8200000e+02
   8.9900000e+02
   9.0500000e+02
   9.1000000e+02
   9.1600000e+02
   9.2400000e+02
   9.2900000e+02
   9.3800000e+02
   9.4900000e+02
   9.6300000e+02
   9.8400000e+02
   1.2330000e+03
   1.2450000e+03
   1.2520000e+03
   1.2610000e+03
   1.2700000e+03
   1.2890000e+03
   1.3820000e+03
   1.3980000e+03
   1.4200000e+03
   1.4350000e+03
   1.4560000e+03
   1.4700000e+03
   1.4850000e+03
   1.5120000e+03
   1.5660000e+03
   1.5710000e+03
   1.5810000e+03
   1.6020000e+03
   1.9470000e+03
   1.9520000e+03
   1.9660000e+03
   1.9740000e+03
   1.9850000e+03
   1.9910000e+03
   1.9980000e+03
   2.0020000e+03
   2.0180000e+03
   2.0260000e+03
   2.0330000e+03
   2.0430000e+03
   2.0830000e+03
   2.0900000e+03
   2.1010000e+03
   2.1100000e+03
   2.1190000e+03
   2.1360000e+03
   2.1480000e+03
   2.1740000e+03
   2.1830000e+03
   2.1900000e+03
   2.1990000e+03
   2.2120000e+03
   2.2330000e+03
   2.2660000e+03
   2.2730000e+03
   2.2880000e+03
   2.3030000e+03
   2.3140000e+03
   2.3240000e+03
   2.3280000e+03
   2.3410000e+03
   2.3540000e+03
   2.3660000e+03
   2.3830000e+03
   2.4020000e+03
   2.4350000e+03
   2.5620000e+03
   2.5680000e+03
   2.5880000e+03
   2.6040000e+03
   2.6160000e+03
   2.6290000e+03
   2.6400000e+03
   2.6520000e+03
   2.6650000e+03
   2.6850000e+03
   2.7020000e+03
   2.7450000e+03
   2.7530000e+03
   2.7610000e+03
   2.7830000e+03
   2.7930000e+03
   2.8160000e+03
   2.8720000e+03
   2.9640000e+03
   3.0820000e+03
   3.1020000e+03
   3.1130000e+03
   3.1250000e+03
   3.1340000e+03
   3.1520000e+03
   3.1600000e+03
   3.1810000e+03
   3.2060000e+03
   3.2190000e+03
   3.2320000e+03
   3.2460000e+03
   3.2630000e+03
   3.2790000e+03
   3.2910000e+03
   3.3030000e+03
   3.3180000e+03
   3.3340000e+03
   3.3510000e+03
   3.3590000e+03
   3.3640000e+03
   3.3760000e+03
   3.3880000e+03
   3.3970000e+03
   3.4200000e+03
   3.4500000e+03
   3.4640000e+03
   3.4870000e+03
   3.5190000e+03
   3.5330000e+03
   3.5400000e+03
   3.5500000e+03
   3.5790000e+03
   3.8060000e+03
   3.8110000e+03
   3.8190000e+03
   3.8320000e+03
   3.8490000e+03
   3.8620000e+03
   3.8770000e+03
   3.8980000e+03
   3.9340000e+03
   3.9590000e+03
   4.0030000e+03
   4.0080000e+03
   4.0150000e+03
   4.0300000e+03
   4.0360000e+03
   4.0510000e+03
   4.0640000e+03
   4.0880000e+03
   4.1030000e+03
   4.1150000e+03
   4.1250000e+03
   4.1410000e+03
   4.1530000e+03
   4.1750000e+03
   4.2130000e+03
   4.2250000e+03
   4.2380000e+03
   4.2590000e+03
   4.2710000e+03
   4.2820000e+03
   4.3030000e+03
   4.4430000e+03
   4.4490000e+03
   4.4580000e+03
   4.4680000e+03
   4.4780000e+03
   4.4990000e+03
   4.5230000e+03
   4.5330000e+03
   4.5470000e+03
   4.5670000e+03
   4.6560000e+03
   4.6640000e+03
   4.6810000e+03
   4.6960000e+03
   4.7570000e+03
   4.7730000e+03
   4.7890000e+03
   4.7950000e+03
   4.8060000e+03
   4.8160000e+03
   4.8280000e+03
   4.8360000e+03
   4.8420000e+03
   4.8560000e+03
   4.8730000e+03
   4.8840000e+03
   4.9700000e+03
   5.0930000e+03
   5.1150000e+03
   5.1440000e+03
   5.1850000e+03
   5.2320000e+03
   5.2400000e+03
   5.2510000e+03
   5.2580000e+03
   5.2700000e+03
   5.3000000e+03
   5.3110000e+03
   5.3230000e+03
   5.3400000e+03
   5.3760000e+03
   5.3840000e+03
   5.3960000e+03
   5.4080000e+03
   5.4210000e+03
   5.4310000e+03
   5.4510000e+03
   5.4670000e+03
   5.4780000e+03
   5.4830000e+03
   5.4990000e+03
   5.5090000e+03
   5.5180000e+03
   5.5290000e+03
   5.5380000e+03
   5.5750000e+03
   5.5950000e+03
   5.6020000e+03
   5.6170000e+03
   5.6460000e+03
   5.6580000e+03
   5.6730000e+03
   5.6890000e+03
   5.7490000e+03
   5.7600000e+03
   5.7650000e+03
   5.7780000e+03
   5.7970000e+03
   5.8070000e+03
   5.8160000e+03
   5.8270000e+03
   5.8340000e+03
   5.8460000e+03
   5.8540000e+03
   5.8620000e+03
   5.8770000e+03
   5.9470000e+03
   6.0100000e+03
   6.0670000e+03
   6.0950000e+03
   6.1090000e+03
   6.1230000e+03
   6.1410000e+03
   6.1530000e+03
   6.1750000e+03
   6.1910000e+03
   6.2060000e+03
   6.2370000e+03
   6.2510000e+03
   6.2600000e+03
   6.4380000e+03
   6.4560000e+03
   6.5830000e+03
   6.6740000e+03
   6.6810000e+03
   6.6900000e+03
   6.6990000e+03
   6.7170000e+03
   6.7380000e+03
   6.7530000e+03
   6.7630000e+03
   6.8570000e+03
   6.8720000e+03
   6.8890000e+03
   6.9060000e+03
   6.9170000e+03
   6.9280000e+03
   6.9370000e+03
   6.9470000e+03
   6.9560000e+03
   6.9710000e+03
   6.9940000e+03
   7.0170000e+03
   7.0370000e+03
   7.0520000e+03
   7.1840000e+03
   7.2070000e+03
   7.2150000e+03
   7.2260000e+03
   7.2340000e+03
   7.2400000e+03
   7.2470000e+03
   7.2530000e+03
   7.2610000e+03
   7.2700000e+03
   7.2810000e+03
   7.2940000e+03
   7.3000000e+03
   7.3140000e+03
   7.3310000e+03
   7.3420000e+03
   7.3600000e+03
   7.4410000e+03
   7.5330000e+03
   7.5370000e+03
   7.5420000e+03
   7.5500000e+03
   7.5710000e+03
   7.5900000e+03
   7.6050000e+03
   7.6100000e+03
   7.6360000e+03
   7.7300000e+03
   7.7360000e+03
   7.7450000e+03
   7.7550000e+03
   7.7650000e+03
   7.7760000e+03
   7.7860000e+03
   7.7950000e+03
   7.8030000e+03
   7.8190000e+03
   7.8270000e+03
   7.8360000e+03
   7.8500000e+03
   7.8630000e+03
   7.8720000e+03
   7.8940000e+03
   7.9230000e+03
   7.9410000e+03
   7.9630000e+03
   7.9760000e+03
   7.9950000e+03
   8.0060000e+03
   8.0230000e+03
   8.0280000e+03
   8.0390000e+03
   8.0510000e+03
   8.0740000e+03
   8.0880000e+03
   8.1100000e+03
   8.2010000e+03
   8.2090000e+03
   8.3640000e+03
   8.7700000e+03
   8.7810000e+03
   8.7920000e+03
   8.8030000e+03
   8.8170000e+03
   8.8310000e+03
   8.8560000e+03
   9.0600000e+03
   9.0660000e+03
   9.0770000e+03
   9.0840000e+03
   9.1090000e+03
   9.1230000e+03
   9.1310000e+03
   9.1380000e+03
   9.1460000e+03
   9.1510000e+03
   9.1550000e+03
   9.1650000e+03
   9.1720000e+03
   9.1820000e+03
   9.1890000e+03
   9.2000000e+03
   9.2100000e+03
   9.2260000e+03
   9.2460000e+03
   9.2650000e+03
   9.2830000e+03
   9.3070000e+03
   9.5880000e+03
   9.5950000e+03
   9.6020000e+03
   9.6240000e+03
   9.6810000e+03
   9.7920000e+03
   9.8020000e+03
   9.8100000e+03
   9.8860000e+03
   9.8970000e+03
   9.9130000e+03
   9.9250000e+03
   9.9770000e+03
   9.9810000e+03
   9.9950000e+03
   1.0024000e+04
