   1.3000000e+02
   1.4200000e+02
   1.5200000e+02
   1.5900000e+02
   1.6600000e+02
   1.7000000e+02
   1.7400000e+02
   1.8000000e+02
   1.8800000e+02
   1.9200000e+02
   1.9600000e+02
   2.0400000e+02
   2.1400000e+02
   2.2200000e+02
   2.3100000e+02
   2.5300000e+02
   3.9300000e+02
   4.0300000e+02
   4.1700000e+02
   4.3200000e+02
   4.4100000e+02
   4.5600000e+02
   4.6300000e+02
   4.7600000e+02
   4.9300000e+02
   5.1300000e+02
   5.3700000e+02
   5.5000000e+02
   5.6500000e+02
   6.4200000e+02
   7.0300000e+02
   8.7300000e+02
   8.8300000e+02
   9.0000000e+02
   9.0500000e+02
   9.1200000e+02
   9.1700000e+02
   9.2300000e+02
   9.2800000e+02
   9.4800000e+02
   9.6300000e+02
   9.7700000e+02
   1.1980000e+03
   1.2090000e+03
   1.2270000e+03
   1.2400000e+03
   1.2510000e+03
   1.2600000e+03
   1.2650000e+03
   1.2700000e+03
   1.3790000e+03
   1.3890000e+03
   1.4670000e+03
   1.4900000e+03
   1.5140000e+03
   1.5710000e+03
   1.5840000e+03
   1.8220000e+03
   1.9500000e+03
   1.9580000e+03
   1.9650000e+03
   1.9790000e+03
   1.9890000e+03
   1.9950000e+03
   2.0010000e+03
   2.0060000e+03
   2.0150000e+03
   2.0260000e+03
   2.0380000e+03
   2.0460000e+03
   2.0620000e+03
   2.0780000e+03
   2.0920000e+03
   2.1050000e+03
   2.1130000e+03
   2.1240000e+03
   2.1350000e+03
   2.1590000e+03
   2.1780000e+03
   2.1850000e+03
   2.1950000e+03
   2.2070000e+03
   2.2220000e+03
   2.2490000e+03
   2.2620000e+03
   2.2790000e+03
   2.2870000e+03
   2.2930000e+03
   2.3070000e+03
   2.3130000e+03
   2.3280000e+03
   2.3390000e+03
   2.3510000e+03
   2.3660000e+03
   2.3770000e+03
   2.3980000e+03
   2.4160000e+03
   2.4330000e+03
   2.4600000e+03
   2.5520000e+03
   2.5600000e+03
   2.5720000e+03
   2.6070000e+03
   2.6150000e+03
   2.6340000e+03
   2.6430000e+03
   2.6520000e+03
   2.6730000e+03
   2.6900000e+03
   2.7340000e+03
   2.7480000e+03
   2.7700000e+03
   2.7960000e+03
   2.8160000e+03
   2.8480000e+03
   2.8790000e+03
   2.9730000e+03
   3.0800000e+03
   3.0860000e+03
   3.0940000e+03
   3.1020000e+03
   3.1180000e+03
   3.1260000e+03
   3.1500000e+03
   3.1620000e+03
   3.1950000e+03
   3.2220000e+03
   3.2300000e+03
   3.2640000e+03
   3.2770000e+03
   3.2900000e+03
   3.2980000e+03
   3.3050000e+03
   3.3230000e+03
   3.3430000e+03
   3.3520000e+03
   3.3600000e+03
   3.3660000e+03
   3.3790000e+03
   3.3870000e+03
   3.3950000e+03
   3.4060000e+03
   3.4230000e+03
   3.4410000e+03
   3.4540000e+03
   3.4690000e+03
   3.4890000e+03
   3.5220000e+03
   3.5290000e+03
   3.5380000e+03
   3.5540000e+03
   3.8030000e+03
   3.8090000e+03
   3.8190000e+03
   3.8230000e+03
   3.8360000e+03
   3.8490000e+03
   3.8610000e+03
   3.8810000e+03
   3.9100000e+03
   3.9340000e+03
   3.9560000e+03
   4.0020000e+03
   4.0140000e+03
   4.0210000e+03
   4.0270000e+03
   4.0580000e+03
   4.0740000e+03
   4.0960000e+03
   4.1120000e+03
   4.1210000e+03
   4.1300000e+03
   4.1520000e+03
   4.1630000e+03
   4.1910000e+03
   4.2180000e+03
   4.2230000e+03
   4.2370000e+03
   4.2480000e+03
   4.2630000e+03
   4.2750000e+03
   4.2940000e+03
   4.3020000e+03
   4.4410000e+03
   4.4490000e+03
   4.4580000e+03
   4.4700000e+03
   4.4790000e+03
   4.4930000e+03
   4.5070000e+03
   4.5340000e+03
   4.5510000e+03
   4.5610000e+03
   4.6070000e+03
   4.6380000e+03
   4.6530000e+03
   4.6730000e+03
   4.6840000e+03
   4.7700000e+03
   4.7870000e+03
   4.7980000e+03
   4.8070000e+03
   4.8260000e+03
   4.8310000e+03
   4.8440000e+03
   4.8570000e+03
   4.8640000e+03
   4.8720000e+03
   4.8820000e+03
   4.9190000e+03
   4.9510000e+03
   5.0580000e+03
   5.0910000e+03
   5.1070000e+03
   5.1220000e+03
   5.1360000e+03
   5.1570000e+03
   5.1680000e+03
   5.1790000e+03
   5.5310000e+03
   5.5500000e+03
   5.5540000e+03
   5.5620000e+03
   5.5710000e+03
   5.6050000e+03
   5.6240000e+03
   5.6350000e+03
   5.6760000e+03
   5.6920000e+03
   5.7170000e+03
   5.7320000e+03
   5.8380000e+03
   5.8420000e+03
   5.8480000e+03
   5.8610000e+03
   5.8770000e+03
   5.8960000e+03
   5.9110000e+03
   5.9210000e+03
   5.9360000e+03
   5.9540000e+03
   5.9700000e+03
   5.9910000e+03
   6.0590000e+03
   6.0720000e+03
   6.0840000e+03
   6.0930000e+03
   6.1010000e+03
   6.1230000e+03
   6.1380000e+03
   6.1530000e+03
   6.1870000e+03
   6.2300000e+03
   6.2470000e+03
   6.2580000e+03
   6.2750000e+03
   6.2840000e+03
   6.3010000e+03
   6.3110000e+03
   6.3220000e+03
   6.3400000e+03
   6.3470000e+03
   6.3850000e+03
   6.4160000e+03
   6.4310000e+03
   6.4720000e+03
   6.4890000e+03
   6.5020000e+03
   6.5080000e+03
   6.5230000e+03
   6.5390000e+03
   6.5630000e+03
   6.5740000e+03
   6.5950000e+03
   6.6260000e+03
   6.6600000e+03
   6.6770000e+03
   6.7070000e+03
   6.7650000e+03
   6.7980000e+03
   6.8590000e+03
   6.8690000e+03
   6.9140000e+03
   6.9300000e+03
   6.9410000e+03
   6.9540000e+03
   6.9650000e+03
   6.9760000e+03
   6.9850000e+03
   6.9960000e+03
   7.0020000e+03
   7.0110000e+03
   7.0210000e+03
   7.0400000e+03
   7.0550000e+03
   7.0690000e+03
   7.0800000e+03
   7.0950000e+03
   7.1110000e+03
   7.1240000e+03
   7.1410000e+03
   7.1490000e+03
   7.1630000e+03
   7.1820000e+03
   7.2080000e+03
   7.2160000e+03
   7.2440000e+03
   7.3550000e+03
   7.4760000e+03
   7.4850000e+03
   7.5110000e+03
   7.5330000e+03
   7.6950000e+03
   7.7070000e+03
   7.7830000e+03
   7.7950000e+03
   7.8180000e+03
   7.9200000e+03
   7.9260000e+03
   7.9410000e+03
   8.0640000e+03
   8.0770000e+03
   8.0910000e+03
   8.1050000e+03
   8.1200000e+03
   8.1290000e+03
   8.1390000e+03
   8.1760000e+03
   8.1940000e+03
   8.2070000e+03
   8.2170000e+03
   8.2240000e+03
   8.2360000e+03
   8.2440000e+03
   8.2510000e+03
   8.2660000e+03
   8.2760000e+03
   8.2890000e+03
   8.3120000e+03
   8.3740000e+03
   8.3890000e+03
   8.4050000e+03
   8.4190000e+03
   8.4310000e+03
   8.4380000e+03
   8.4540000e+03
   8.4600000e+03
   8.4720000e+03
   8.4820000e+03
   8.4950000e+03
   8.5080000e+03
   8.5210000e+03
   8.5300000e+03
   8.5540000e+03
   8.5820000e+03
   8.7890000e+03
   8.8050000e+03
   8.8180000e+03
   8.8280000e+03
   8.8350000e+03
   8.8380000e+03
   8.8450000e+03
   8.8490000e+03
   8.8550000e+03
   8.8610000e+03
   8.8680000e+03
   8.8750000e+03
   8.8850000e+03
   8.8960000e+03
   8.9090000e+03
   8.9220000e+03
   8.9350000e+03
   8.9470000e+03
   8.9620000e+03
   8.9740000e+03
   8.9910000e+03
   9.0470000e+03
   9.0740000e+03
   9.0830000e+03
   9.1000000e+03
   9.1140000e+03
   9.1530000e+03
   9.2480000e+03
   9.2590000e+03
   9.2690000e+03
   9.3050000e+03
   9.3190000e+03
   9.3270000e+03
   9.3420000e+03
   9.3560000e+03
   9.3700000e+03
   9.3770000e+03
   9.3850000e+03
   9.3920000e+03
   9.4040000e+03
   9.4110000e+03
   9.4250000e+03
   9.4380000e+03
   9.4580000e+03
   9.4710000e+03
   9.5240000e+03
   9.5870000e+03
   9.6140000e+03
   9.6330000e+03
   9.6490000e+03
   9.6740000e+03
   9.7340000e+03
   9.7670000e+03
   9.9640000e+03
   9.9740000e+03
   1.0005000e+04
   1.0024000e+04
   1.0038000e+04
