   1.4300000e+02
   1.5400000e+02
   1.6000000e+02
   1.6500000e+02
   1.7200000e+02
   1.7600000e+02
   1.8400000e+02
   1.8900000e+02
   1.9700000e+02
   2.1300000e+02
   2.2200000e+02
   2.3400000e+02
   3.9600000e+02
   4.0700000e+02
   4.1200000e+02
   4.2800000e+02
   4.3200000e+02
   4.4500000e+02
   4.5200000e+02
   4.6000000e+02
   4.7100000e+02
   4.9100000e+02
   5.0600000e+02
   5.2300000e+02
   5.3600000e+02
   5.5800000e+02
   8.9200000e+02
   8.9900000e+02
   9.0900000e+02
   9.1400000e+02
   9.1900000e+02
   9.2400000e+02
   9.3600000e+02
   9.4700000e+02
   9.6500000e+02
   9.7600000e+02
   1.2080000e+03
   1.2290000e+03
   1.2470000e+03
   1.2530000e+03
   1.2630000e+03
   1.2730000e+03
   1.2860000e+03
   1.4190000e+03
   1.4420000e+03
   1.4600000e+03
   1.5160000e+03
   1.5840000e+03
   1.5930000e+03
   1.9470000e+03
   1.9530000e+03
   1.9690000e+03
   1.9760000e+03
   1.9810000e+03
   1.9880000e+03
   1.9930000e+03
   1.9980000e+03
   2.0070000e+03
   2.0130000e+03
   2.0240000e+03
   2.0330000e+03
   2.0410000e+03
   2.0550000e+03
   2.0650000e+03
   2.0800000e+03
   2.0950000e+03
   2.1040000e+03
   2.1080000e+03
   2.1190000e+03
   2.1290000e+03
   2.1400000e+03
   2.1530000e+03
   2.1690000e+03
   2.1760000e+03
   2.1970000e+03
   2.2110000e+03
   2.2250000e+03
   2.2430000e+03
   2.2660000e+03
   2.2770000e+03
   2.2830000e+03
   2.2980000e+03
   2.3080000e+03
   2.3190000e+03
   2.3280000e+03
   2.3370000e+03
   2.3470000e+03
   2.3600000e+03
   2.3760000e+03
   2.3920000e+03
   2.4070000e+03
   2.4390000e+03
   2.5530000e+03
   2.5620000e+03
   2.5710000e+03
   2.6310000e+03
   2.6390000e+03
   2.6540000e+03
   2.6890000e+03
   2.7320000e+03
   2.7450000e+03
   2.7540000e+03
   2.7690000e+03
   2.8030000e+03
   2.8430000e+03
   2.8780000e+03
   2.8880000e+03
   3.0860000e+03
   3.0940000e+03
   3.1000000e+03
   3.1180000e+03
   3.1450000e+03
   3.1520000e+03
   3.1760000e+03
   3.2210000e+03
   3.2330000e+03
   3.2500000e+03
   3.2740000e+03
   3.2890000e+03
   3.3110000e+03
   3.3210000e+03
   3.3340000e+03
   3.3480000e+03
   3.3610000e+03
   3.3640000e+03
   3.3770000e+03
   3.3870000e+03
   3.4010000e+03
   3.4310000e+03
   3.4400000e+03
   3.4550000e+03
   3.4650000e+03
   3.4820000e+03
   3.5080000e+03
   3.5280000e+03
   3.5430000e+03
   3.5740000e+03
   3.8080000e+03
   3.8130000e+03
   3.8340000e+03
   3.8440000e+03
   3.8590000e+03
   3.8700000e+03
   3.8820000e+03
   3.9090000e+03
   3.9470000e+03
   3.9620000e+03
   3.9900000e+03
   4.0020000e+03
   4.0170000e+03
   4.0260000e+03
   4.0320000e+03
   4.0470000e+03
   4.0650000e+03
   4.0770000e+03
   4.1060000e+03
   4.1250000e+03
   4.1380000e+03
   4.1500000e+03
   4.1550000e+03
   4.1730000e+03
   4.2060000e+03
   4.2220000e+03
   4.2340000e+03
   4.2700000e+03
   4.2800000e+03
   4.2840000e+03
   4.2930000e+03
   4.3090000e+03
   4.4470000e+03
   4.4600000e+03
   4.4700000e+03
   4.4870000e+03
   4.4960000e+03
   4.5220000e+03
   4.5460000e+03
   4.5630000e+03
   4.6590000e+03
   4.6690000e+03
   4.6790000e+03
   4.7150000e+03
   4.7950000e+03
   4.8020000e+03
   4.8160000e+03
   4.8270000e+03
   4.8340000e+03
   4.8540000e+03
   4.8640000e+03
   4.8760000e+03
   5.1250000e+03
   5.1390000e+03
   5.1560000e+03
   5.2000000e+03
   5.2080000e+03
   5.2250000e+03
   5.2290000e+03
   5.2380000e+03
   5.2480000e+03
   5.2540000e+03
   5.2590000e+03
   5.2700000e+03
   5.2760000e+03
   5.2840000e+03
   5.2940000e+03
   5.3010000e+03
   5.3090000e+03
   5.3140000e+03
   5.3180000e+03
   5.3250000e+03
   5.3290000e+03
   5.3360000e+03
   5.3400000e+03
   5.3510000e+03
   5.3610000e+03
   5.3740000e+03
   5.3820000e+03
   5.3920000e+03
   5.4050000e+03
   5.4560000e+03
   5.4740000e+03
   5.4880000e+03
   5.5100000e+03
   5.5260000e+03
   5.6150000e+03
   5.6550000e+03
   5.6740000e+03
   5.7140000e+03
   5.7260000e+03
   5.7740000e+03
   5.7880000e+03
   5.9010000e+03
   5.9080000e+03
   5.9170000e+03
   5.9240000e+03
   5.9320000e+03
   5.9580000e+03
   6.3290000e+03
   6.4200000e+03
   6.4370000e+03
   6.4590000e+03
   6.8640000e+03
   6.8680000e+03
   6.8830000e+03
   6.8920000e+03
   6.9030000e+03
   6.9090000e+03
   6.9190000e+03
   6.9270000e+03
   6.9330000e+03
   6.9460000e+03
   6.9520000e+03
   6.9670000e+03
   6.9810000e+03
   6.9950000e+03
   7.2220000e+03
   7.2350000e+03
   7.2570000e+03
   7.2740000e+03
   7.2950000e+03
   7.3230000e+03
   7.3570000e+03
   7.4990000e+03
   7.5100000e+03
   7.5210000e+03
   7.5430000e+03
   7.5560000e+03
   7.5690000e+03
   7.5930000e+03
   7.6230000e+03
   8.0060000e+03
   8.0190000e+03
   8.0310000e+03
   8.0370000e+03
   8.0520000e+03
   8.0640000e+03
   8.0820000e+03
   8.0990000e+03
   8.1070000e+03
   8.1220000e+03
   8.1340000e+03
   8.1450000e+03
   8.1600000e+03
   8.1660000e+03
   8.1760000e+03
   8.1880000e+03
   8.1990000e+03
   8.2020000e+03
   8.2090000e+03
   8.2150000e+03
   8.2260000e+03
   8.2310000e+03
   8.2420000e+03
   8.2520000e+03
   8.2750000e+03
   8.4740000e+03
   8.4860000e+03
   8.7560000e+03
   8.8050000e+03
   8.8370000e+03
   8.8560000e+03
   8.8680000e+03
   8.8800000e+03
   8.8930000e+03
   8.9050000e+03
   8.9140000e+03
   8.9270000e+03
   8.9440000e+03
   8.9670000e+03
   9.1610000e+03
   9.1760000e+03
   9.1900000e+03
   9.4110000e+03
   9.4400000e+03
   9.4550000e+03
   9.5500000e+03
   9.5580000e+03
   9.5790000e+03
   9.5920000e+03
   9.6230000e+03
   9.6450000e+03
   9.6580000e+03
   9.6770000e+03
   9.6950000e+03
   9.7060000e+03
   9.7170000e+03
   9.7280000e+03
   9.7340000e+03
   9.7440000e+03
   9.7540000e+03
   9.7650000e+03
   9.7780000e+03
   9.7830000e+03
   9.7890000e+03
   9.8020000e+03
   9.8120000e+03
   9.8220000e+03
   9.8450000e+03
