   3.9000000e+01
   1.3100000e+02
   1.4200000e+02
   1.4800000e+02
   1.5900000e+02
   1.6400000e+02
   1.6900000e+02
   1.7500000e+02
   1.7900000e+02
   1.8400000e+02
   1.8800000e+02
   1.9400000e+02
   2.0200000e+02
   2.1100000e+02
   2.2200000e+02
   2.3800000e+02
   3.9100000e+02
   3.9800000e+02
   4.1500000e+02
   4.2300000e+02
   4.3400000e+02
   4.5000000e+02
   4.5900000e+02
   4.7400000e+02
   5.0000000e+02
   5.2700000e+02
   5.4100000e+02
   5.5100000e+02
   5.7100000e+02
   6.0000000e+02
   7.0300000e+02
   8.6300000e+02
   8.7300000e+02
   8.8400000e+02
   8.9400000e+02
   9.0200000e+02
   9.0800000e+02
   9.1400000e+02
   9.1700000e+02
   9.2300000e+02
   9.2900000e+02
   9.3900000e+02
   9.5200000e+02
   9.6400000e+02
   1.1970000e+03
   1.2020000e+03
   1.2310000e+03
   1.2430000e+03
   1.2490000e+03
   1.2530000e+03
   1.2610000e+03
   1.2680000e+03
   1.2730000e+03
   1.2960000e+03
   1.3800000e+03
   1.4110000e+03
   1.4350000e+03
   1.4640000e+03
   1.4860000e+03
   1.5660000e+03
   1.5750000e+03
   1.5970000e+03
   1.9400000e+03
   1.9480000e+03
   1.9600000e+03
   1.9670000e+03
   1.9770000e+03
   1.9830000e+03
   1.9900000e+03
   1.9950000e+03
   2.0000000e+03
   2.0070000e+03
   2.0150000e+03
   2.0220000e+03
   2.0270000e+03
   2.0360000e+03
   2.0510000e+03
   2.0670000e+03
   2.0850000e+03
   2.0980000e+03
   2.1060000e+03
   2.1150000e+03
   2.1240000e+03
   2.1470000e+03
   2.1670000e+03
   2.1830000e+03
   2.1890000e+03
   2.2060000e+03
   2.2180000e+03
   2.2350000e+03
   2.2570000e+03
   2.2680000e+03
   2.2780000e+03
   2.2920000e+03
   2.3050000e+03
   2.3110000e+03
   2.3170000e+03
   2.3260000e+03
   2.3330000e+03
   2.3440000e+03
   2.3550000e+03
   2.3640000e+03
   2.3800000e+03
   2.3910000e+03
   2.4090000e+03
   2.4220000e+03
   2.4540000e+03
   2.5500000e+03
   2.5580000e+03
   2.5730000e+03
   2.5940000e+03
   2.6180000e+03
   2.6310000e+03
   2.6420000e+03
   2.6540000e+03
   2.6640000e+03
   2.6800000e+03
   2.6950000e+03
   2.7100000e+03
   2.7440000e+03
   2.7480000e+03
   2.7690000e+03
   2.7860000e+03
   2.8360000e+03
   2.8720000e+03
   2.9670000e+03
   3.0770000e+03
   3.0880000e+03
   3.0930000e+03
   3.1000000e+03
   3.1110000e+03
   3.1220000e+03
   3.1280000e+03
   3.1390000e+03
   3.1570000e+03
   3.1770000e+03
   3.2100000e+03
   3.2240000e+03
   3.2440000e+03
   3.2590000e+03
   3.2690000e+03
   3.2780000e+03
   3.2930000e+03
   3.3030000e+03
   3.3150000e+03
   3.3300000e+03
   3.3420000e+03
   3.3530000e+03
   3.3620000e+03
   3.3740000e+03
   3.3790000e+03
   3.3900000e+03
   3.4020000e+03
   3.4180000e+03
   3.4300000e+03
   3.4460000e+03
   3.4550000e+03
   3.4670000e+03
   3.4860000e+03
   3.5170000e+03
   3.5340000e+03
   3.5480000e+03
   3.7940000e+03
   3.8000000e+03
   3.8050000e+03
   3.8100000e+03
   3.8140000e+03
   3.8200000e+03
   3.8310000e+03
   3.8420000e+03
   3.8510000e+03
   3.8680000e+03
   3.8840000e+03
   3.9110000e+03
   3.9420000e+03
   3.9630000e+03
   4.0000000e+03
   4.0150000e+03
   4.0240000e+03
   4.0350000e+03
   4.0420000e+03
   4.0630000e+03
   4.0780000e+03
   4.0950000e+03
   4.1120000e+03
   4.1220000e+03
   4.1320000e+03
   4.1410000e+03
   4.1540000e+03
   4.1650000e+03
   4.1870000e+03
   4.2050000e+03
   4.2230000e+03
   4.2300000e+03
   4.2480000e+03
   4.2610000e+03
   4.2730000e+03
   4.2950000e+03
   4.4360000e+03
   4.4470000e+03
   4.4570000e+03
   4.4630000e+03
   4.4730000e+03
   4.4850000e+03
   4.4970000e+03
   4.5080000e+03
   4.5270000e+03
   4.5360000e+03
   4.5540000e+03
   4.5750000e+03
   4.6310000e+03
   4.6460000e+03
   4.6570000e+03
   4.6660000e+03
   4.6820000e+03
   4.7050000e+03
   4.7690000e+03
   4.7860000e+03
   4.8010000e+03
   4.8090000e+03
   4.8190000e+03
   4.8280000e+03
   4.8380000e+03
   4.8510000e+03
   4.8710000e+03
   4.8800000e+03
   4.8900000e+03
   4.9200000e+03
   4.9690000e+03
   5.0710000e+03
   5.0970000e+03
   5.1440000e+03
   5.1520000e+03
   5.1840000e+03
   5.3020000e+03
   5.5910000e+03
   5.6280000e+03
   5.6410000e+03
   5.6510000e+03
   5.6690000e+03
   5.6820000e+03
   5.7040000e+03
   5.7430000e+03
   5.7760000e+03
   5.7840000e+03
   5.7910000e+03
   5.8040000e+03
   5.8160000e+03
   5.8300000e+03
   5.8380000e+03
   5.8510000e+03
   5.8720000e+03
   5.8850000e+03
   5.9040000e+03
   5.9130000e+03
   5.9230000e+03
   5.9300000e+03
   5.9410000e+03
   5.9480000e+03
   5.9560000e+03
   5.9680000e+03
   5.9840000e+03
   6.0060000e+03
   6.0250000e+03
   6.0290000e+03
   6.0470000e+03
   6.0610000e+03
   6.1000000e+03
   6.1260000e+03
   6.1450000e+03
   6.1640000e+03
   6.1930000e+03
   6.2110000e+03
   6.2870000e+03
   6.2960000e+03
   6.3190000e+03
   6.3530000e+03
   6.3730000e+03
   6.3910000e+03
   6.4140000e+03
   6.4300000e+03
   6.4450000e+03
   6.4550000e+03
   6.4700000e+03
   6.4840000e+03
   6.4930000e+03
   6.5070000e+03
   6.5130000e+03
   6.5190000e+03
   6.5290000e+03
   6.5430000e+03
   6.5490000e+03
   6.5590000e+03
   6.5740000e+03
   6.5830000e+03
   6.5910000e+03
   6.6020000e+03
   6.6130000e+03
   6.6240000e+03
   6.6360000e+03
   6.6470000e+03
   6.6550000e+03
   6.6720000e+03
   6.6870000e+03
   6.7020000e+03
   6.7320000e+03
   6.7600000e+03
   6.7760000e+03
   6.7960000e+03
   6.8220000e+03
   6.8420000e+03
   6.8670000e+03
   6.8740000e+03
   6.8970000e+03
   6.9110000e+03
   6.9280000e+03
   6.9430000e+03
   6.9630000e+03
   6.9800000e+03
   6.9980000e+03
   7.1030000e+03
   7.1140000e+03
   7.2080000e+03
   7.2260000e+03
   7.2490000e+03
   7.3120000e+03
   7.3360000e+03
   7.3460000e+03
   7.3590000e+03
   7.3690000e+03
   7.5720000e+03
   7.5900000e+03
   7.7740000e+03
   7.7930000e+03
   7.8110000e+03
   7.8160000e+03
   7.8240000e+03
   7.8290000e+03
   7.8340000e+03
   7.8410000e+03
   7.8450000e+03
   7.8530000e+03
   7.8640000e+03
   7.8780000e+03
   7.8870000e+03
   7.8970000e+03
   7.9150000e+03
   7.9310000e+03
   7.9430000e+03
   7.9570000e+03
   7.9680000e+03
   7.9980000e+03
   8.0120000e+03
   8.0190000e+03
   8.0410000e+03
   8.0840000e+03
   8.1440000e+03
   8.1650000e+03
   8.1830000e+03
   8.1920000e+03
   8.2150000e+03
   8.2390000e+03
   8.2720000e+03
   8.3010000e+03
   8.3400000e+03
   8.3540000e+03
   8.4560000e+03
   8.4830000e+03
   8.5020000e+03
   8.5120000e+03
   8.5210000e+03
   8.5300000e+03
   8.5580000e+03
   8.5760000e+03
   8.9680000e+03
   8.9780000e+03
   8.9860000e+03
   8.9950000e+03
   9.0040000e+03
   9.0150000e+03
   9.0250000e+03
   9.0310000e+03
   9.0390000e+03
   9.0530000e+03
   9.0650000e+03
   9.0740000e+03
   9.0850000e+03
   9.0990000e+03
   9.1160000e+03
   9.1290000e+03
   9.4040000e+03
   9.4120000e+03
   9.4340000e+03
   9.5250000e+03
   9.5350000e+03
   9.5560000e+03
   9.5700000e+03
   9.5770000e+03
   9.5890000e+03
   9.5990000e+03
   9.6100000e+03
   9.6300000e+03
   9.6470000e+03
   9.6660000e+03
   9.6800000e+03
   9.6940000e+03
   9.7070000e+03
   9.7320000e+03
   9.7500000e+03
   9.7680000e+03
   9.7820000e+03
   9.7930000e+03
   9.8100000e+03
   9.8250000e+03
   9.8570000e+03
   9.8780000e+03
   9.8880000e+03
   9.8970000e+03
   9.9100000e+03
   9.9280000e+03
   9.9760000e+03
   9.9950000e+03
