   1.3400000e+02
   1.4500000e+02
   1.5700000e+02
   1.6300000e+02
   1.7300000e+02
   1.7700000e+02
   1.8100000e+02
   1.8900000e+02
   1.9700000e+02
   2.0300000e+02
   2.1500000e+02
   2.3600000e+02
   3.9200000e+02
   4.0200000e+02
   4.1500000e+02
   4.2800000e+02
   4.3900000e+02
   4.4200000e+02
   4.5700000e+02
   4.6100000e+02
   4.7300000e+02
   4.8400000e+02
   5.2200000e+02
   5.3900000e+02
   5.5400000e+02
   5.6800000e+02
   7.1200000e+02
   8.6400000e+02
   8.7900000e+02
   8.8900000e+02
   8.9500000e+02
   9.0200000e+02
   9.0900000e+02
   9.1300000e+02
   9.1800000e+02
   9.2700000e+02
   9.3200000e+02
   9.4500000e+02
   9.5700000e+02
   9.8100000e+02
   1.1970000e+03
   1.2060000e+03
   1.2200000e+03
   1.2390000e+03
   1.2470000e+03
   1.2540000e+03
   1.2610000e+03
   1.2660000e+03
   1.2890000e+03
   1.4230000e+03
   1.4400000e+03
   1.4710000e+03
   1.5070000e+03
   1.5730000e+03
   1.5780000e+03
   1.5900000e+03
   1.9400000e+03
   1.9490000e+03
   1.9580000e+03
   1.9700000e+03
   1.9830000e+03
   1.9870000e+03
   1.9930000e+03
   2.0000000e+03
   2.0080000e+03
   2.0200000e+03
   2.0280000e+03
   2.0420000e+03
   2.0700000e+03
   2.0820000e+03
   2.0980000e+03
   2.1060000e+03
   2.1120000e+03
   2.1180000e+03
   2.1300000e+03
   2.1400000e+03
   2.1500000e+03
   2.1700000e+03
   2.1900000e+03
   2.1950000e+03
   2.2110000e+03
   2.2250000e+03
   2.2430000e+03
   2.2630000e+03
   2.2710000e+03
   2.2820000e+03
   2.2940000e+03
   2.3040000e+03
   2.3140000e+03
   2.3220000e+03
   2.3290000e+03
   2.3390000e+03
   2.3500000e+03
   2.3620000e+03
   2.3720000e+03
   2.3790000e+03
   2.4090000e+03
   2.4400000e+03
   2.4670000e+03
   2.5480000e+03
   2.5510000e+03
   2.5600000e+03
   2.5700000e+03
   2.5930000e+03
   2.6170000e+03
   2.6300000e+03
   2.6420000e+03
   2.6620000e+03
   2.6800000e+03
   2.7060000e+03
   2.7430000e+03
   2.7550000e+03
   2.7630000e+03
   2.7840000e+03
   2.7950000e+03
   2.8090000e+03
   2.8320000e+03
   2.8670000e+03
   2.8780000e+03
   3.0790000e+03
   3.0880000e+03
   3.0960000e+03
   3.1070000e+03
   3.1150000e+03
   3.1310000e+03
   3.1510000e+03
   3.1790000e+03
   3.2110000e+03
   3.2210000e+03
   3.2340000e+03
   3.2520000e+03
   3.2670000e+03
   3.2750000e+03
   3.2870000e+03
   3.3000000e+03
   3.3080000e+03
   3.3280000e+03
   3.3380000e+03
   3.3500000e+03
   3.3620000e+03
   3.3710000e+03
   3.3810000e+03
   3.3930000e+03
   3.4030000e+03
   3.4190000e+03
   3.4280000e+03
   3.4420000e+03
   3.4510000e+03
   3.4660000e+03
   3.5220000e+03
   3.5320000e+03
   3.5510000e+03
   3.5630000e+03
   3.7360000e+03
   3.7900000e+03
   3.8030000e+03
   3.8100000e+03
   3.8180000e+03
   3.8230000e+03
   3.8370000e+03
   3.8500000e+03
   3.8780000e+03
   3.9070000e+03
   3.9940000e+03
   4.0120000e+03
   4.0190000e+03
   4.0250000e+03
   4.0350000e+03
   4.0550000e+03
   4.0730000e+03
   4.0890000e+03
   4.1060000e+03
   4.1160000e+03
   4.1300000e+03
   4.1390000e+03
   4.1510000e+03
   4.1600000e+03
   4.1860000e+03
   4.2030000e+03
   4.2210000e+03
   4.2320000e+03
   4.2550000e+03
   4.2710000e+03
   4.2770000e+03
   4.2880000e+03
   4.3110000e+03
   4.4400000e+03
   4.4500000e+03
   4.4570000e+03
   4.4640000e+03
   4.4740000e+03
   4.4820000e+03
   4.4960000e+03
   4.5210000e+03
   4.5340000e+03
   4.5610000e+03
   4.6460000e+03
   4.6570000e+03
   4.6710000e+03
   4.6800000e+03
   4.7200000e+03
   4.7780000e+03
   4.7880000e+03
   4.7940000e+03
   4.8050000e+03
   4.8130000e+03
   4.8220000e+03
   4.8340000e+03
   4.8470000e+03
   4.8630000e+03
   4.8680000e+03
   4.8820000e+03
   4.9040000e+03
   4.9580000e+03
   5.0610000e+03
   5.0750000e+03
   5.0910000e+03
   5.1000000e+03
   5.1120000e+03
   5.1170000e+03
   5.1250000e+03
   5.1320000e+03
   5.1560000e+03
   5.1780000e+03
   5.2900000e+03
   5.3070000e+03
   5.3300000e+03
   5.3630000e+03
   5.4740000e+03
   5.4950000e+03
   5.5040000e+03
   5.5400000e+03
   5.5480000e+03
   5.5570000e+03
   5.5700000e+03
   5.5750000e+03
   5.5910000e+03
   5.5960000e+03
   5.6050000e+03
   5.6130000e+03
   5.6240000e+03
   5.6330000e+03
   5.6390000e+03
   5.6520000e+03
   5.6780000e+03
   5.6990000e+03
   5.7140000e+03
   5.7400000e+03
   5.9560000e+03
   5.9720000e+03
   5.9880000e+03
   6.0020000e+03
   6.0140000e+03
   6.0410000e+03
   6.0590000e+03
   6.0680000e+03
   6.0820000e+03
   6.0950000e+03
   6.1030000e+03
   6.1120000e+03
   6.1240000e+03
   6.1380000e+03
   6.1510000e+03
   6.1640000e+03
   6.1720000e+03
   6.2180000e+03
   6.2450000e+03
   6.2730000e+03
   6.2930000e+03
   6.3070000e+03
   6.3190000e+03
   6.3270000e+03
   6.3360000e+03
   6.3460000e+03
   6.3590000e+03
   6.3740000e+03
   6.3920000e+03
   6.4020000e+03
   6.4140000e+03
   6.4230000e+03
   6.4420000e+03
   6.4550000e+03
   6.4850000e+03
   6.5030000e+03
   6.5110000e+03
   6.5280000e+03
   6.5380000e+03
   6.5500000e+03
   6.5570000e+03
   6.5620000e+03
   6.5770000e+03
   6.5910000e+03
   6.6110000e+03
   6.6380000e+03
   6.7910000e+03
   6.8050000e+03
   6.8200000e+03
   6.8380000e+03
   6.8520000e+03
   6.8700000e+03
   6.8920000e+03
   6.9050000e+03
   6.9210000e+03
   6.9360000e+03
   7.3500000e+03
   7.3630000e+03
   7.3720000e+03
   7.3850000e+03
   7.3980000e+03
   7.4170000e+03
   7.5700000e+03
   7.5830000e+03
   7.6070000e+03
   7.7050000e+03
   7.7170000e+03
   7.7260000e+03
   7.7420000e+03
   7.7480000e+03
   7.7600000e+03
   7.7660000e+03
   7.7770000e+03
   7.7990000e+03
   7.8190000e+03
   7.8320000e+03
   7.8360000e+03
   7.8530000e+03
   7.8730000e+03
   7.8870000e+03
   8.0330000e+03
   8.0480000e+03
   8.3300000e+03
   8.3370000e+03
   8.3490000e+03
   8.3550000e+03
   8.3640000e+03
   8.3680000e+03
   8.3740000e+03
   8.3840000e+03
   8.3910000e+03
   8.4010000e+03
   8.4110000e+03
   8.4180000e+03
   8.4310000e+03
   8.4440000e+03
   8.4590000e+03
   8.6120000e+03
   8.7120000e+03
   8.9650000e+03
   8.9730000e+03
   9.0110000e+03
   9.1670000e+03
   9.1810000e+03
   9.1920000e+03
   9.2000000e+03
   9.2070000e+03
   9.2120000e+03
   9.2220000e+03
   9.2290000e+03
   9.2400000e+03
   9.2540000e+03
   9.2630000e+03
   9.2720000e+03
   9.2800000e+03
   9.2890000e+03
   9.2990000e+03
   9.3090000e+03
   9.3170000e+03
   9.3310000e+03
   9.3400000e+03
   9.3650000e+03
   9.3930000e+03
   9.4170000e+03
   9.4300000e+03
   9.4560000e+03
   9.4780000e+03
   9.4940000e+03
   9.5130000e+03
   9.5450000e+03
   9.5650000e+03
   9.5770000e+03
   9.5950000e+03
   9.6110000e+03
   9.6400000e+03
   9.6610000e+03
   9.6880000e+03
   9.7060000e+03
   9.7220000e+03
   9.7540000e+03
   9.7760000e+03
   9.8010000e+03
   9.8070000e+03
   9.8260000e+03
   9.8410000e+03
   9.8500000e+03
   9.8590000e+03
   9.8680000e+03
   9.8960000e+03
   9.9260000e+03
   9.9510000e+03
   9.9630000e+03
   9.9770000e+03
   9.9900000e+03
   9.9990000e+03
   1.0013000e+04
