   1.5400000e+02
   1.6200000e+02
   1.7100000e+02
   1.7800000e+02
   1.8600000e+02
   1.9300000e+02
   2.1200000e+02
   2.3400000e+02
   4.0000000e+02
   4.1800000e+02
   4.3000000e+02
   4.4500000e+02
   4.5500000e+02
   4.6500000e+02
   4.7400000e+02
   4.8900000e+02
   5.2400000e+02
   5.4900000e+02
   5.6000000e+02
   5.7600000e+02
   7.0000000e+02
   8.7600000e+02
   8.8700000e+02
   8.9900000e+02
   9.0800000e+02
   9.1200000e+02
   9.1700000e+02
   9.2400000e+02
   9.3100000e+02
   9.4700000e+02
   9.5900000e+02
   9.7400000e+02
   1.0020000e+03
   1.2180000e+03
   1.2390000e+03
   1.2500000e+03
   1.2550000e+03
   1.2610000e+03
   1.2720000e+03
   1.2980000e+03
   1.3750000e+03
   1.4150000e+03
   1.4370000e+03
   1.4650000e+03
   1.4960000e+03
   1.5760000e+03
   1.9400000e+03
   1.9480000e+03
   1.9580000e+03
   1.9700000e+03
   1.9790000e+03
   1.9870000e+03
   1.9930000e+03
   1.9970000e+03
   2.0010000e+03
   2.0090000e+03
   2.0190000e+03
   2.0280000e+03
   2.0390000e+03
   2.0560000e+03
   2.0660000e+03
   2.0800000e+03
   2.0940000e+03
   2.1040000e+03
   2.1090000e+03
   2.1150000e+03
   2.1250000e+03
   2.1400000e+03
   2.1600000e+03
   2.1750000e+03
   2.1890000e+03
   2.1970000e+03
   2.2090000e+03
   2.2370000e+03
   2.2630000e+03
   2.2750000e+03
   2.2820000e+03
   2.2960000e+03
   2.3050000e+03
   2.3110000e+03
   2.3240000e+03
   2.3350000e+03
   2.3490000e+03
   2.3550000e+03
   2.3670000e+03
   2.3770000e+03
   2.3950000e+03
   2.4170000e+03
   2.4330000e+03
   2.5540000e+03
   2.5630000e+03
   2.5910000e+03
   2.6130000e+03
   2.6300000e+03
   2.6440000e+03
   2.6540000e+03
   2.6800000e+03
   2.7410000e+03
   2.7510000e+03
   2.7750000e+03
   2.7950000e+03
   2.8110000e+03
   2.8690000e+03
   2.8820000e+03
   3.0910000e+03
   3.1030000e+03
   3.1150000e+03
   3.1250000e+03
   3.1360000e+03
   3.1450000e+03
   3.1570000e+03
   3.1690000e+03
   3.1870000e+03
   3.2020000e+03
   3.2140000e+03
   3.2240000e+03
   3.2370000e+03
   3.2550000e+03
   3.2700000e+03
   3.2820000e+03
   3.2960000e+03
   3.3060000e+03
   3.3180000e+03
   3.3290000e+03
   3.3430000e+03
   3.3590000e+03
   3.3690000e+03
   3.3810000e+03
   3.3960000e+03
   3.4130000e+03
   3.4310000e+03
   3.4460000e+03
   3.4660000e+03
   3.4880000e+03
   3.5130000e+03
   3.5290000e+03
   3.5360000e+03
   3.5530000e+03
   3.8080000e+03
   3.8130000e+03
   3.8220000e+03
   3.8410000e+03
   3.8470000e+03
   3.8670000e+03
   3.8860000e+03
   3.9220000e+03
   3.9400000e+03
   3.9990000e+03
   4.0070000e+03
   4.0160000e+03
   4.0330000e+03
   4.0550000e+03
   4.0810000e+03
   4.0920000e+03
   4.1000000e+03
   4.1180000e+03
   4.1230000e+03
   4.1350000e+03
   4.1460000e+03
   4.1580000e+03
   4.1740000e+03
   4.2000000e+03
   4.2220000e+03
   4.2320000e+03
   4.2440000e+03
   4.2580000e+03
   4.2730000e+03
   4.2790000e+03
   4.2940000e+03
   4.3120000e+03
   4.4430000e+03
   4.4530000e+03
   4.4610000e+03
   4.4750000e+03
   4.4920000e+03
   4.5090000e+03
   4.5300000e+03
   4.5520000e+03
   4.5700000e+03
   4.6330000e+03
   4.6410000e+03
   4.6580000e+03
   4.6770000e+03
   4.7090000e+03
   4.7820000e+03
   4.7920000e+03
   4.8000000e+03
   4.8090000e+03
   4.8170000e+03
   4.8260000e+03
   4.8360000e+03
   4.8540000e+03
   4.8680000e+03
   4.8800000e+03
   4.8930000e+03
   4.9070000e+03
   5.0500000e+03
   5.0540000e+03
   5.0620000e+03
   5.0790000e+03
   5.0920000e+03
   5.1040000e+03
   5.1230000e+03
   5.1460000e+03
   5.1620000e+03
   5.1740000e+03
   5.1900000e+03
   5.2040000e+03
   5.2170000e+03
   5.2360000e+03
   5.2480000e+03
   5.2540000e+03
   5.2690000e+03
   5.2840000e+03
   5.3020000e+03
   5.3130000e+03
   5.3410000e+03
   5.3560000e+03
   5.3800000e+03
   5.4000000e+03
   5.4890000e+03
   5.6560000e+03
   5.6650000e+03
   5.6890000e+03
   5.7110000e+03
   5.7710000e+03
   5.7990000e+03
   5.8050000e+03
   5.8220000e+03
   5.8350000e+03
   5.8450000e+03
   5.8720000e+03
   5.8830000e+03
   5.9360000e+03
   5.9550000e+03
   6.1640000e+03
   6.1830000e+03
   6.2280000e+03
   6.3250000e+03
   6.3390000e+03
   6.3750000e+03
   6.4080000e+03
   6.4620000e+03
   6.4770000e+03
   6.4890000e+03
   6.4990000e+03
   6.5220000e+03
   6.5290000e+03
   6.5380000e+03
   6.5540000e+03
   6.5650000e+03
   6.5760000e+03
   6.5900000e+03
   6.5960000e+03
   6.6030000e+03
   6.6180000e+03
   6.6300000e+03
   6.6390000e+03
   6.6500000e+03
   6.6740000e+03
   6.6990000e+03
   6.7230000e+03
   6.8110000e+03
   6.9080000e+03
   6.9290000e+03
   7.3530000e+03
   7.3650000e+03
   7.3720000e+03
   7.3780000e+03
   7.3860000e+03
   7.3910000e+03
   7.3960000e+03
   7.4040000e+03
   7.4100000e+03
   7.4240000e+03
   7.4420000e+03
   7.4550000e+03
   7.4790000e+03
   7.6170000e+03
   7.6400000e+03
   7.7870000e+03
   7.9180000e+03
   7.9420000e+03
   7.9940000e+03
   8.0130000e+03
   8.0280000e+03
   8.0940000e+03
   8.1020000e+03
   8.1140000e+03
   8.1220000e+03
   8.1330000e+03
   8.1530000e+03
   8.1700000e+03
   8.1820000e+03
   8.2030000e+03
   8.2170000e+03
   8.2560000e+03
   8.3200000e+03
   8.4050000e+03
   8.4170000e+03
   8.4700000e+03
   8.4910000e+03
   8.5000000e+03
   8.5140000e+03
   8.5250000e+03
   8.5350000e+03
   8.5440000e+03
   8.5580000e+03
   8.5680000e+03
   8.5820000e+03
   8.5990000e+03
   8.6110000e+03
   8.6400000e+03
   8.6670000e+03
   8.6930000e+03
   8.7020000e+03
   8.7090000e+03
   8.7320000e+03
   8.7490000e+03
   8.7710000e+03
   8.7800000e+03
   8.7930000e+03
   8.8110000e+03
   8.8270000e+03
   8.8360000e+03
   9.0660000e+03
   9.3010000e+03
   9.3610000e+03
   9.3780000e+03
   9.3900000e+03
   9.4340000e+03
   9.4560000e+03
   9.4700000e+03
   9.4780000e+03
   9.4930000e+03
   9.5060000e+03
   9.5160000e+03
   9.5240000e+03
   9.5280000e+03
   9.5400000e+03
   9.5480000e+03
   9.5610000e+03
   9.5670000e+03
   9.5880000e+03
   9.6080000e+03
   9.6230000e+03
   9.6840000e+03
   9.7000000e+03
   9.7170000e+03
   9.7380000e+03
   9.7570000e+03
   9.7710000e+03
   9.7820000e+03
   9.7910000e+03
   9.8020000e+03
   9.8160000e+03
   9.8250000e+03
   9.8330000e+03
   9.8450000e+03
   9.8500000e+03
   9.8640000e+03
   9.8740000e+03
   9.8850000e+03
   9.8990000e+03
   9.9170000e+03
   9.9320000e+03
   9.9600000e+03
   9.9760000e+03
   9.9950000e+03
   1.0003000e+04
   1.0017000e+04
