   1.3100000e+02
   1.4700000e+02
   1.5600000e+02
   1.6200000e+02
   1.7000000e+02
   1.7900000e+02
   1.8400000e+02
   1.9200000e+02
   1.9900000e+02
   2.0700000e+02
   2.1300000e+02
   2.3000000e+02
   2.4800000e+02
   3.9000000e+02
   4.0500000e+02
   4.1800000e+02
   4.3000000e+02
   4.4400000e+02
   4.5100000e+02
   4.6600000e+02
   4.8000000e+02
   4.9600000e+02
   5.2300000e+02
   5.3900000e+02
   5.5100000e+02
   5.5800000e+02
   8.6900000e+02
   8.8700000e+02
   8.9200000e+02
   8.9900000e+02
   9.0500000e+02
   9.1300000e+02
   9.1900000e+02
   9.2400000e+02
   9.3700000e+02
   9.4800000e+02
   9.6900000e+02
   9.9400000e+02
   1.2010000e+03
   1.2120000e+03
   1.2340000e+03
   1.2470000e+03
   1.2530000e+03
   1.2620000e+03
   1.2710000e+03
   1.2800000e+03
   1.3810000e+03
   1.4410000e+03
   1.5140000e+03
   1.5700000e+03
   1.5830000e+03
   1.9490000e+03
   1.9550000e+03
   1.9650000e+03
   1.9710000e+03
   1.9820000e+03
   1.9920000e+03
   1.9960000e+03
   2.0030000e+03
   2.0130000e+03
   2.0230000e+03
   2.0330000e+03
   2.0480000e+03
   2.0630000e+03
   2.0930000e+03
   2.1050000e+03
   2.1110000e+03
   2.1240000e+03
   2.1300000e+03
   2.1460000e+03
   2.1660000e+03
   2.1850000e+03
   2.1910000e+03
   2.2050000e+03
   2.2190000e+03
   2.2340000e+03
   2.2550000e+03
   2.2680000e+03
   2.2810000e+03
   2.2930000e+03
   2.3050000e+03
   2.3150000e+03
   2.3330000e+03
   2.3410000e+03
   2.3530000e+03
   2.3730000e+03
   2.3850000e+03
   2.4130000e+03
   2.4340000e+03
   2.5580000e+03
   2.5670000e+03
   2.6130000e+03
   2.6290000e+03
   2.6470000e+03
   2.6600000e+03
   2.6890000e+03
   2.7390000e+03
   2.7480000e+03
   2.7630000e+03
   2.7740000e+03
   2.8020000e+03
   2.8780000e+03
   3.0810000e+03
   3.0850000e+03
   3.1010000e+03
   3.1170000e+03
   3.1240000e+03
   3.1390000e+03
   3.1580000e+03
   3.1910000e+03
   3.2350000e+03
   3.2440000e+03
   3.2670000e+03
   3.2900000e+03
   3.3070000e+03
   3.3300000e+03
   3.3520000e+03
   3.3720000e+03
   3.3790000e+03
   3.3900000e+03
   3.3980000e+03
   3.4070000e+03
   3.4270000e+03
   3.4400000e+03
   3.4580000e+03
   3.4720000e+03
   3.5170000e+03
   3.5270000e+03
   3.7950000e+03
   3.8050000e+03
   3.8110000e+03
   3.8230000e+03
   3.8360000e+03
   3.8490000e+03
   3.8580000e+03
   3.8880000e+03
   3.8990000e+03
   3.9470000e+03
   3.9950000e+03
   4.0080000e+03
   4.0140000e+03
   4.0240000e+03
   4.0350000e+03
   4.0530000e+03
   4.0830000e+03
   4.1160000e+03
   4.1230000e+03
   4.1320000e+03
   4.1520000e+03
   4.1800000e+03
   4.2140000e+03
   4.2220000e+03
   4.2470000e+03
   4.2710000e+03
   4.2780000e+03
   4.3030000e+03
   4.4480000e+03
   4.4530000e+03
   4.4650000e+03
   4.4790000e+03
   4.5020000e+03
   4.5160000e+03
   4.5410000e+03
   4.5650000e+03
   4.6160000e+03
   4.6560000e+03
   4.6670000e+03
   4.6830000e+03
   4.7840000e+03
   4.7930000e+03
   4.8080000e+03
   4.8190000e+03
   4.8280000e+03
   4.8420000e+03
   4.8600000e+03
   4.8710000e+03
   4.8860000e+03
   4.9590000e+03
   5.1830000e+03
   5.1870000e+03
   5.2050000e+03
   5.3120000e+03
   5.3180000e+03
   5.6880000e+03
   5.7130000e+03
   5.7730000e+03
   5.9140000e+03
   5.9310000e+03
   5.9400000e+03
   5.9490000e+03
   5.9610000e+03
   6.0740000e+03
   6.1010000e+03
   6.1170000e+03
   6.1270000e+03
   6.1570000e+03
   6.1710000e+03
   6.1950000e+03
   6.2140000e+03
   6.2390000e+03
   6.2520000e+03
   6.2620000e+03
   6.2810000e+03
   6.2890000e+03
   6.3000000e+03
   6.3150000e+03
   6.3340000e+03
   6.3400000e+03
   6.3500000e+03
   6.3670000e+03
   6.3750000e+03
   6.4750000e+03
   6.5490000e+03
   6.5570000e+03
   6.5750000e+03
   6.5910000e+03
   6.6040000e+03
   6.6100000e+03
   6.6410000e+03
   6.6500000e+03
   6.6610000e+03
   7.0450000e+03
   7.0510000e+03
   7.0570000e+03
   7.0830000e+03
   7.2240000e+03
   7.4260000e+03
   7.6080000e+03
   7.6420000e+03
   7.6580000e+03
   7.6730000e+03
   7.6790000e+03
   7.6940000e+03
   7.7520000e+03
   7.7660000e+03
   7.8070000e+03
   7.8700000e+03
   7.8740000e+03
   7.9100000e+03
   7.9350000e+03
   7.9410000e+03
   7.9560000e+03
   8.0490000e+03
   8.0660000e+03
   8.0780000e+03
   8.1060000e+03
   8.1810000e+03
   8.2020000e+03
   8.2210000e+03
   8.2360000e+03
   8.2410000e+03
   8.2480000e+03
   8.2650000e+03
   8.2780000e+03
   8.2930000e+03
   8.3030000e+03
   8.3160000e+03
   8.3300000e+03
   8.3420000e+03
   8.3530000e+03
   8.3620000e+03
   8.3760000e+03
   8.3840000e+03
   8.3990000e+03
   8.4180000e+03
   8.4760000e+03
   8.5280000e+03
   8.5380000e+03
   8.5560000e+03
   8.5720000e+03
   8.5840000e+03
   8.5930000e+03
   8.6140000e+03
   8.6240000e+03
   8.6310000e+03
   8.6470000e+03
   8.6540000e+03
   8.6610000e+03
   8.6670000e+03
   8.6750000e+03
   8.6810000e+03
   8.6880000e+03
   8.7070000e+03
   8.7240000e+03
   8.9130000e+03
   8.9440000e+03
   8.9590000e+03
   8.9940000e+03
   9.1140000e+03
   9.1280000e+03
   9.1520000e+03
   9.1790000e+03
   9.2590000e+03
   9.2780000e+03
   9.2960000e+03
   9.3030000e+03
   9.3120000e+03
   9.3180000e+03
   9.4760000e+03
   9.7310000e+03
   9.7410000e+03
   9.7450000e+03
   9.7520000e+03
   9.7620000e+03
   9.7650000e+03
   9.7700000e+03
   9.7840000e+03
   9.7950000e+03
   9.8030000e+03
   9.8130000e+03
   9.8330000e+03
   9.8690000e+03
   9.8800000e+03
   9.8890000e+03
