   1.5000000e+02
   1.6200000e+02
   1.6800000e+02
   1.7200000e+02
   1.8200000e+02
   1.8700000e+02
   1.9200000e+02
   2.0900000e+02
   2.2000000e+02
   2.3500000e+02
   2.5100000e+02
   4.1200000e+02
   4.2500000e+02
   4.3600000e+02
   4.4900000e+02
   4.6000000e+02
   4.6900000e+02
   4.7900000e+02
   4.9300000e+02
   5.5800000e+02
   5.7600000e+02
   5.9600000e+02
   8.9900000e+02
   9.0600000e+02
   9.1000000e+02
   9.1500000e+02
   9.2200000e+02
   9.2700000e+02
   9.3100000e+02
   9.4500000e+02
   9.5500000e+02
   9.6500000e+02
   9.9200000e+02
   1.2370000e+03
   1.2460000e+03
   1.2550000e+03
   1.2640000e+03
   1.2720000e+03
   1.2820000e+03
   1.3070000e+03
   1.3880000e+03
   1.4460000e+03
   1.5820000e+03
   1.5990000e+03
   1.9620000e+03
   1.9710000e+03
   1.9780000e+03
   1.9860000e+03
   1.9920000e+03
   1.9980000e+03
   2.0030000e+03
   2.0090000e+03
   2.0170000e+03
   2.0260000e+03
   2.0420000e+03
   2.0510000e+03
   2.0650000e+03
   2.0750000e+03
   2.0880000e+03
   2.0990000e+03
   2.1080000e+03
   2.1200000e+03
   2.1250000e+03
   2.1400000e+03
   2.1770000e+03
   2.1860000e+03
   2.1920000e+03
   2.2040000e+03
   2.2560000e+03
   2.2660000e+03
   2.2780000e+03
   2.2890000e+03
   2.2990000e+03
   2.3100000e+03
   2.3200000e+03
   2.3220000e+03
   2.3290000e+03
   2.3450000e+03
   2.3590000e+03
   2.3660000e+03
   2.3880000e+03
   2.4340000e+03
   2.5640000e+03
   2.5930000e+03
   2.6350000e+03
   2.6420000e+03
   2.6550000e+03
   2.6710000e+03
   2.7760000e+03
   2.7900000e+03
   2.8020000e+03
   2.8710000e+03
   3.0990000e+03
   3.1080000e+03
   3.1100000e+03
   3.1130000e+03
   3.1150000e+03
   3.1460000e+03
   3.1570000e+03
   3.1670000e+03
   3.1820000e+03
   3.2100000e+03
   3.2190000e+03
   3.2320000e+03
   3.2550000e+03
   3.2690000e+03
   3.2770000e+03
   3.2870000e+03
   3.2970000e+03
   3.3120000e+03
   3.3230000e+03
   3.3660000e+03
   3.3800000e+03
   3.3850000e+03
   3.3980000e+03
   3.4110000e+03
   3.4390000e+03
   3.4480000e+03
   3.4580000e+03
   3.4750000e+03
   3.5360000e+03
   3.5490000e+03
   3.8070000e+03
   3.8130000e+03
   3.8190000e+03
   3.8290000e+03
   3.8380000e+03
   3.8730000e+03
   3.8880000e+03
   4.0120000e+03
   4.0180000e+03
   4.0280000e+03
   4.0410000e+03
   4.0820000e+03
   4.0940000e+03
   4.1130000e+03
   4.1230000e+03
   4.1310000e+03
   4.1450000e+03
   4.1600000e+03
   4.2310000e+03
   4.2410000e+03
   4.2890000e+03
   4.3040000e+03
   4.4530000e+03
   4.4630000e+03
   4.4700000e+03
   4.4810000e+03
   4.5000000e+03
   4.5140000e+03
   4.5440000e+03
   4.5700000e+03
   4.6380000e+03
   4.6510000e+03
   4.6610000e+03
   4.6710000e+03
   4.6890000e+03
   4.7950000e+03
   4.8010000e+03
   4.8090000e+03
   4.8200000e+03
   4.8270000e+03
   4.8420000e+03
   4.8550000e+03
   4.8670000e+03
   4.8770000e+03
   4.8850000e+03
   5.0600000e+03
   5.0750000e+03
   5.0890000e+03
   5.1060000e+03
   5.1130000e+03
   5.1260000e+03
   5.1400000e+03
   5.1560000e+03
   5.1680000e+03
   5.1850000e+03
   5.1980000e+03
   5.2050000e+03
   5.2130000e+03
   5.2270000e+03
   5.2320000e+03
   5.2610000e+03
   5.2800000e+03
   5.2920000e+03
   5.5400000e+03
   5.5530000e+03
   5.5630000e+03
   5.5760000e+03
   5.5880000e+03
   5.6330000e+03
   5.6450000e+03
   5.6550000e+03
   5.6670000e+03
   5.6870000e+03
   5.7330000e+03
   5.7490000e+03
   5.7640000e+03
   6.1160000e+03
   6.1310000e+03
   6.1450000e+03
   6.1530000e+03
   6.1590000e+03
   6.1720000e+03
   6.1790000e+03
   6.1980000e+03
   6.2080000e+03
   6.2150000e+03
   6.2250000e+03
   6.2320000e+03
   6.2420000e+03
   6.2480000e+03
   6.2630000e+03
   6.2880000e+03
   6.9040000e+03
   6.9100000e+03
   6.9340000e+03
   6.9450000e+03
   6.9660000e+03
   6.9820000e+03
   6.9880000e+03
   7.0070000e+03
   7.0160000e+03
   7.0300000e+03
   7.0470000e+03
   7.0590000e+03
   7.0690000e+03
   7.0850000e+03
   7.1010000e+03
   7.1200000e+03
   7.1290000e+03
   7.1350000e+03
   7.1490000e+03
   7.1550000e+03
   7.1650000e+03
   7.1740000e+03
   7.1860000e+03
   7.1980000e+03
   7.2100000e+03
   7.2180000e+03
   7.2270000e+03
   7.2380000e+03
   7.2440000e+03
   7.2570000e+03
   7.2710000e+03
   7.2770000e+03
   7.2850000e+03
   7.2970000e+03
   7.3110000e+03
   7.7360000e+03
   7.7480000e+03
   7.7530000e+03
   7.7620000e+03
   7.7730000e+03
   7.7770000e+03
   7.7870000e+03
   7.7980000e+03
   7.8080000e+03
   7.8160000e+03
   7.8260000e+03
   7.8330000e+03
   7.8420000e+03
   7.9650000e+03
   7.9810000e+03
   8.0050000e+03
   8.0330000e+03
   8.0700000e+03
   8.0820000e+03
   8.0920000e+03
   8.1070000e+03
   8.2500000e+03
   8.2630000e+03
   8.2730000e+03
   8.2860000e+03
   8.2970000e+03
   8.3050000e+03
   8.3160000e+03
   8.3210000e+03
   8.3290000e+03
   8.3520000e+03
   8.3610000e+03
   8.3750000e+03
   8.3950000e+03
   8.4540000e+03
   8.7890000e+03
   8.7970000e+03
   8.8240000e+03
   8.8450000e+03
   8.9030000e+03
   8.9160000e+03
   8.9690000e+03
   8.9910000e+03
   8.9970000e+03
   9.0120000e+03
   9.0290000e+03
   9.0470000e+03
   9.0610000e+03
   9.6100000e+03
   9.6460000e+03
   9.6560000e+03
   9.6690000e+03
   9.6770000e+03
   9.6900000e+03
   9.7020000e+03
   9.7470000e+03
   9.7590000e+03
   9.7720000e+03
   9.7820000e+03
   9.7970000e+03
   9.9460000e+03
   9.9510000e+03
   9.9630000e+03
   9.9740000e+03
   9.9990000e+03
   1.0015000e+04
   1.0024000e+04
