   5.4000000e+01
   8.9000000e+01
   1.1300000e+02
   1.2500000e+02
   1.3700000e+02
   1.5500000e+02
   1.6100000e+02
   1.6900000e+02
   1.7100000e+02
   1.7200000e+02
   1.8200000e+02
   1.8700000e+02
   1.9200000e+02
   1.9600000e+02
   2.0500000e+02
   2.1000000e+02
   2.1500000e+02
   2.2300000e+02
   3.9800000e+02
   4.0500000e+02
   4.2200000e+02
   4.2800000e+02
   4.3700000e+02
   4.5200000e+02
   4.5500000e+02
   4.6300000e+02
   4.7400000e+02
   5.3600000e+02
   5.6900000e+02
   8.9700000e+02
   9.0400000e+02
   9.0900000e+02
   9.1600000e+02
   9.2200000e+02
   9.2900000e+02
   9.3900000e+02
   9.4700000e+02
   9.5600000e+02
   1.2300000e+03
   1.2540000e+03
   1.2650000e+03
   1.2720000e+03
   1.3900000e+03
   1.4250000e+03
   1.4830000e+03
   1.5720000e+03
   1.5780000e+03
   1.5920000e+03
   1.9440000e+03
   1.9630000e+03
   1.9730000e+03
   1.9770000e+03
   1.9870000e+03
   1.9920000e+03
   1.9970000e+03
   2.0030000e+03
   2.0090000e+03
   2.0200000e+03
   2.0350000e+03
   2.0460000e+03
   2.0480000e+03
   2.0690000e+03
   2.0870000e+03
   2.1000000e+03
   2.1060000e+03
   2.1100000e+03
   2.1220000e+03
   2.1430000e+03
   2.1580000e+03
   2.1720000e+03
   2.1860000e+03
   2.1920000e+03
   2.2000000e+03
   2.2100000e+03
   2.2510000e+03
   2.2640000e+03
   2.2760000e+03
   2.2850000e+03
   2.2940000e+03
   2.3160000e+03
   2.3260000e+03
   2.3370000e+03
   2.3500000e+03
   2.3610000e+03
   2.3740000e+03
   2.3970000e+03
   2.4150000e+03
   2.5640000e+03
   2.5720000e+03
   2.5810000e+03
   2.6310000e+03
   2.6420000e+03
   2.6590000e+03
   2.6670000e+03
   2.7570000e+03
   2.7690000e+03
   2.7880000e+03
   2.7990000e+03
   2.8690000e+03
   2.8850000e+03
   3.0970000e+03
   3.1150000e+03
   3.1220000e+03
   3.1320000e+03
   3.1450000e+03
   3.1840000e+03
   3.2010000e+03
   3.2160000e+03
   3.2280000e+03
   3.2480000e+03
   3.2660000e+03
   3.2780000e+03
   3.2910000e+03
   3.3040000e+03
   3.3270000e+03
   3.3460000e+03
   3.3590000e+03
   3.3650000e+03
   3.3740000e+03
   3.3850000e+03
   3.3930000e+03
   3.4090000e+03
   3.4530000e+03
   3.5300000e+03
   3.5390000e+03
   3.5570000e+03
   3.8200000e+03
   3.8300000e+03
   3.8450000e+03
   3.8560000e+03
   3.8660000e+03
   3.8800000e+03
   3.9490000e+03
   4.0100000e+03
   4.0250000e+03
   4.0480000e+03
   4.0590000e+03
   4.0710000e+03
   4.0850000e+03
   4.0980000e+03
   4.1080000e+03
   4.1170000e+03
   4.1270000e+03
   4.1350000e+03
   4.1500000e+03
   4.2290000e+03
   4.2440000e+03
   4.2560000e+03
   4.2790000e+03
   4.2960000e+03
   4.3120000e+03
   4.4520000e+03
   4.4650000e+03
   4.4790000e+03
   4.4900000e+03
   4.5050000e+03
   4.5350000e+03
   4.5500000e+03
   4.5680000e+03
   4.6470000e+03
   4.6570000e+03
   4.6720000e+03
   4.6840000e+03
   4.7850000e+03
   4.7950000e+03
   4.8280000e+03
   4.8400000e+03
   4.8690000e+03
   4.8790000e+03
   4.8910000e+03
   5.1610000e+03
   5.1710000e+03
   5.9670000e+03
   6.0040000e+03
   6.0120000e+03
   6.2070000e+03
   6.3520000e+03
   6.4230000e+03
   6.4450000e+03
   6.4560000e+03
   6.4780000e+03
   6.4900000e+03
   6.4990000e+03
   6.5070000e+03
   6.5230000e+03
   6.5300000e+03
   6.5410000e+03
   6.5510000e+03
   6.5760000e+03
   6.5870000e+03
   6.5910000e+03
   6.6010000e+03
   6.6090000e+03
   6.6170000e+03
   6.6280000e+03
   6.7590000e+03
   6.8300000e+03
   6.8500000e+03
   6.8640000e+03
   6.8850000e+03
   6.8940000e+03
   6.9110000e+03
   6.9180000e+03
   6.9340000e+03
   6.9530000e+03
   6.9660000e+03
   6.9740000e+03
   6.9860000e+03
   7.0110000e+03
   7.0450000e+03
   7.0890000e+03
   7.0980000e+03
   7.1100000e+03
   7.1230000e+03
   7.1300000e+03
   7.1380000e+03
   7.2410000e+03
   7.2560000e+03
   7.2740000e+03
   7.2870000e+03
   7.4410000e+03
   7.4520000e+03
   7.4660000e+03
   7.4940000e+03
   7.5370000e+03
   7.5840000e+03
   7.6070000e+03
   7.7810000e+03
   7.7970000e+03
   7.8010000e+03
   7.8160000e+03
   7.8270000e+03
   7.8370000e+03
   7.8480000e+03
   7.8550000e+03
   7.8680000e+03
   7.8740000e+03
   7.8790000e+03
   7.8850000e+03
   7.8870000e+03
   7.9060000e+03
   7.9200000e+03
   7.9580000e+03
   7.9730000e+03
   8.0550000e+03
   8.0630000e+03
   8.0780000e+03
   8.0930000e+03
   8.1230000e+03
   8.1360000e+03
   8.1770000e+03
   8.2560000e+03
   8.2740000e+03
   8.2910000e+03
   8.5660000e+03
   8.5890000e+03
   8.6020000e+03
   8.6130000e+03
   8.7430000e+03
   8.9420000e+03
   8.9560000e+03
   8.9720000e+03
   8.9920000e+03
   8.9990000e+03
   9.0030000e+03
   9.0270000e+03
   9.0380000e+03
   9.0480000e+03
   9.0610000e+03
   9.0730000e+03
   9.0910000e+03
   9.0990000e+03
   9.1270000e+03
   9.1490000e+03
   9.1770000e+03
   9.1950000e+03
   9.2200000e+03
   9.2700000e+03
   9.2840000e+03
   9.2980000e+03
   9.3070000e+03
   9.3260000e+03
   9.3410000e+03
   9.3630000e+03
   9.3730000e+03
   9.9700000e+03
   9.9950000e+03
   9.9990000e+03
   1.0015000e+04
   1.0033000e+04
