   1.1400000e+02
   1.2500000e+02
   1.3700000e+02
   1.4800000e+02
   1.5400000e+02
   1.6200000e+02
   1.6600000e+02
   1.7300000e+02
   1.7900000e+02
   1.8400000e+02
   1.8900000e+02
   1.9700000e+02
   2.0400000e+02
   2.0900000e+02
   2.2700000e+02
   2.3700000e+02
   3.8800000e+02
   3.9300000e+02
   4.0500000e+02
   4.1900000e+02
   4.3100000e+02
   4.4400000e+02
   4.5800000e+02
   4.6300000e+02
   4.6900000e+02
   4.8600000e+02
   5.0200000e+02
   5.3200000e+02
   5.4600000e+02
   5.5600000e+02
   5.9400000e+02
   7.0400000e+02
   7.1100000e+02
   8.5600000e+02
   8.7000000e+02
   8.9000000e+02
   9.0100000e+02
   9.0600000e+02
   9.1300000e+02
   9.1800000e+02
   9.2300000e+02
   9.3000000e+02
   9.4500000e+02
   9.6000000e+02
   9.8700000e+02
   1.1850000e+03
   1.2020000e+03
   1.2090000e+03
   1.2310000e+03
   1.2470000e+03
   1.2540000e+03
   1.2610000e+03
   1.2670000e+03
   1.2790000e+03
   1.3830000e+03
   1.4150000e+03
   1.4350000e+03
   1.4500000e+03
   1.4710000e+03
   1.5720000e+03
   1.5830000e+03
   1.8280000e+03
   1.9460000e+03
   1.9560000e+03
   1.9620000e+03
   1.9760000e+03
   1.9830000e+03
   1.9890000e+03
   1.9960000e+03
   2.0040000e+03
   2.0100000e+03
   2.0240000e+03
   2.0340000e+03
   2.0490000e+03
   2.0650000e+03
   2.0790000e+03
   2.1020000e+03
   2.1060000e+03
   2.1180000e+03
   2.1430000e+03
   2.1650000e+03
   2.1790000e+03
   2.1860000e+03
   2.1940000e+03
   2.2070000e+03
   2.2290000e+03
   2.2360000e+03
   2.2480000e+03
   2.2630000e+03
   2.2750000e+03
   2.2870000e+03
   2.2960000e+03
   2.3090000e+03
   2.3210000e+03
   2.3370000e+03
   2.3470000e+03
   2.3590000e+03
   2.3730000e+03
   2.3870000e+03
   2.4170000e+03
   2.4560000e+03
   2.5610000e+03
   2.5700000e+03
   2.6090000e+03
   2.6240000e+03
   2.6340000e+03
   2.6420000e+03
   2.6550000e+03
   2.6730000e+03
   2.7410000e+03
   2.7470000e+03
   2.7570000e+03
   2.7680000e+03
   2.7970000e+03
   2.8190000e+03
   2.8500000e+03
   2.8970000e+03
   3.0770000e+03
   3.0890000e+03
   3.0990000e+03
   3.1090000e+03
   3.1220000e+03
   3.1410000e+03
   3.1570000e+03
   3.1710000e+03
   3.2130000e+03
   3.2250000e+03
   3.2380000e+03
   3.2640000e+03
   3.2740000e+03
   3.2850000e+03
   3.2920000e+03
   3.3000000e+03
   3.3140000e+03
   3.3290000e+03
   3.3450000e+03
   3.3620000e+03
   3.3710000e+03
   3.3790000e+03
   3.3880000e+03
   3.3940000e+03
   3.4090000e+03
   3.4260000e+03
   3.4480000e+03
   3.4730000e+03
   3.5230000e+03
   3.5320000e+03
   3.5520000e+03
   3.5620000e+03
   3.5980000e+03
   3.8010000e+03
   3.8090000e+03
   3.8140000e+03
   3.8240000e+03
   3.8350000e+03
   3.8540000e+03
   3.8780000e+03
   3.9450000e+03
   3.9680000e+03
   4.0060000e+03
   4.0130000e+03
   4.0230000e+03
   4.0370000e+03
   4.0500000e+03
   4.0690000e+03
   4.0860000e+03
   4.1060000e+03
   4.1150000e+03
   4.1280000e+03
   4.1380000e+03
   4.1510000e+03
   4.1840000e+03
   4.2110000e+03
   4.2240000e+03
   4.2400000e+03
   4.2480000e+03
   4.2610000e+03
   4.2800000e+03
   4.2880000e+03
   4.3070000e+03
   4.4430000e+03
   4.4470000e+03
   4.4570000e+03
   4.4640000e+03
   4.4810000e+03
   4.4940000e+03
   4.5280000e+03
   4.5510000e+03
   4.5650000e+03
   4.6470000e+03
   4.6570000e+03
   4.6640000e+03
   4.6770000e+03
   4.6870000e+03
   4.7370000e+03
   4.7790000e+03
   4.7910000e+03
   4.7950000e+03
   4.8070000e+03
   4.8150000e+03
   4.8200000e+03
   4.8300000e+03
   4.8370000e+03
   4.8590000e+03
   4.8720000e+03
   4.8840000e+03
   5.1080000e+03
   5.1160000e+03
   5.1230000e+03
   5.1490000e+03
   5.1610000e+03
   5.4020000e+03
   5.4120000e+03
   5.4290000e+03
   5.4420000e+03
   5.4580000e+03
   5.4690000e+03
   5.4810000e+03
   5.5240000e+03
   5.5920000e+03
   5.6040000e+03
   5.6130000e+03
   5.7330000e+03
   5.7390000e+03
   5.7510000e+03
   5.9150000e+03
   5.9260000e+03
   5.9410000e+03
   5.9540000e+03
   5.9600000e+03
   5.9740000e+03
   5.9920000e+03
   6.0030000e+03
   6.0100000e+03
   6.0270000e+03
   6.0400000e+03
   6.0540000e+03
   6.0740000e+03
   6.0860000e+03
   6.1020000e+03
   6.1110000e+03
   6.1360000e+03
   6.1580000e+03
   6.1870000e+03
   6.1960000e+03
   6.2110000e+03
   6.2310000e+03
   6.2610000e+03
   6.6000000e+03
   6.6090000e+03
   6.6160000e+03
   6.6280000e+03
   6.6350000e+03
   6.6430000e+03
   6.6520000e+03
   6.6660000e+03
   6.6770000e+03
   6.6880000e+03
   6.7090000e+03
   6.7200000e+03
   6.7360000e+03
   6.7530000e+03
   6.8510000e+03
   6.8600000e+03
   7.1060000e+03
   7.1320000e+03
   7.1510000e+03
   7.2160000e+03
   7.2520000e+03
   7.2590000e+03
   7.3330000e+03
   7.4310000e+03
   7.4760000e+03
   7.4850000e+03
   7.4910000e+03
   7.5080000e+03
   7.8490000e+03
   7.8620000e+03
   7.8680000e+03
   7.8810000e+03
   7.8920000e+03
   7.9040000e+03
   7.9120000e+03
   7.9190000e+03
   7.9270000e+03
   7.9300000e+03
   7.9340000e+03
   7.9400000e+03
   7.9430000e+03
   7.9470000e+03
   7.9550000e+03
   7.9600000e+03
   7.9690000e+03
   7.9790000e+03
   7.9960000e+03
   8.0040000e+03
   8.0180000e+03
   8.0220000e+03
   8.0390000e+03
   8.0600000e+03
   8.0700000e+03
   8.5510000e+03
   8.5730000e+03
   8.6510000e+03
   8.6650000e+03
   8.6800000e+03
   8.6990000e+03
   8.7370000e+03
   8.7970000e+03
   8.8110000e+03
   8.8160000e+03
   8.8900000e+03
   8.9390000e+03
   9.2910000e+03
   9.2980000e+03
   9.3070000e+03
   9.3210000e+03
   9.5680000e+03
   9.5870000e+03
   9.6000000e+03
   9.6240000e+03
   9.6310000e+03
   9.6470000e+03
   9.6640000e+03
   9.6720000e+03
   9.6800000e+03
   9.6890000e+03
   9.7050000e+03
   9.7280000e+03
   9.7370000e+03
   1.0020000e+04
