   1.3300000e+02
   1.4700000e+02
   1.5800000e+02
   1.6500000e+02
   1.7000000e+02
   1.7700000e+02
   1.8000000e+02
   1.8900000e+02
   1.9600000e+02
   2.0900000e+02
   2.2300000e+02
   2.3700000e+02
   3.9500000e+02
   4.0700000e+02
   4.2100000e+02
   4.3300000e+02
   4.4500000e+02
   4.4900000e+02
   4.6000000e+02
   4.6500000e+02
   4.7000000e+02
   4.8300000e+02
   5.0600000e+02
   5.2500000e+02
   5.4400000e+02
   5.6600000e+02
   6.9200000e+02
   6.9800000e+02
   8.6200000e+02
   8.7000000e+02
   8.8900000e+02
   8.9800000e+02
   9.0300000e+02
   9.1300000e+02
   9.2500000e+02
   9.3100000e+02
   9.4400000e+02
   9.5400000e+02
   9.6900000e+02
   9.9900000e+02
   1.1980000e+03
   1.2100000e+03
   1.2290000e+03
   1.2430000e+03
   1.2530000e+03
   1.2600000e+03
   1.2720000e+03
   1.2820000e+03
   1.2980000e+03
   1.3890000e+03
   1.4060000e+03
   1.4250000e+03
   1.4710000e+03
   1.4920000e+03
   1.5740000e+03
   1.5810000e+03
   1.9400000e+03
   1.9520000e+03
   1.9610000e+03
   1.9700000e+03
   1.9790000e+03
   1.9900000e+03
   1.9950000e+03
   2.0060000e+03
   2.0130000e+03
   2.0200000e+03
   2.0300000e+03
   2.0390000e+03
   2.0520000e+03
   2.0800000e+03
   2.1000000e+03
   2.1080000e+03
   2.1140000e+03
   2.1230000e+03
   2.1350000e+03
   2.1490000e+03
   2.1680000e+03
   2.1760000e+03
   2.1830000e+03
   2.1870000e+03
   2.2050000e+03
   2.2270000e+03
   2.2460000e+03
   2.2600000e+03
   2.2690000e+03
   2.2780000e+03
   2.2900000e+03
   2.3100000e+03
   2.3190000e+03
   2.3300000e+03
   2.3450000e+03
   2.3570000e+03
   2.3640000e+03
   2.3760000e+03
   2.3900000e+03
   2.4090000e+03
   2.4650000e+03
   2.5510000e+03
   2.5590000e+03
   2.5660000e+03
   2.5950000e+03
   2.6070000e+03
   2.6340000e+03
   2.6420000e+03
   2.6570000e+03
   2.6830000e+03
   2.7390000e+03
   2.7560000e+03
   2.7730000e+03
   2.7860000e+03
   2.8710000e+03
   2.8810000e+03
   2.9680000e+03
   3.0870000e+03
   3.0940000e+03
   3.1110000e+03
   3.1270000e+03
   3.1390000e+03
   3.1500000e+03
   3.1640000e+03
   3.1780000e+03
   3.2130000e+03
   3.2210000e+03
   3.2340000e+03
   3.2570000e+03
   3.2720000e+03
   3.2790000e+03
   3.2880000e+03
   3.3010000e+03
   3.3080000e+03
   3.3190000e+03
   3.3310000e+03
   3.3470000e+03
   3.3590000e+03
   3.3680000e+03
   3.3790000e+03
   3.3830000e+03
   3.3920000e+03
   3.4000000e+03
   3.4230000e+03
   3.4390000e+03
   3.4690000e+03
   3.5000000e+03
   3.5260000e+03
   3.5320000e+03
   3.5420000e+03
   3.5560000e+03
   3.8040000e+03
   3.8090000e+03
   3.8170000e+03
   3.8290000e+03
   3.8380000e+03
   3.8620000e+03
   3.8800000e+03
   3.9040000e+03
   3.9310000e+03
   4.0010000e+03
   4.0090000e+03
   4.0190000e+03
   4.0270000e+03
   4.0450000e+03
   4.0610000e+03
   4.0820000e+03
   4.0870000e+03
   4.0980000e+03
   4.1160000e+03
   4.1210000e+03
   4.1320000e+03
   4.1410000e+03
   4.1560000e+03
   4.1760000e+03
   4.2180000e+03
   4.2270000e+03
   4.2360000e+03
   4.2510000e+03
   4.2670000e+03
   4.2730000e+03
   4.2820000e+03
   4.2960000e+03
   4.3150000e+03
   4.4350000e+03
   4.4390000e+03
   4.4480000e+03
   4.4610000e+03
   4.4710000e+03
   4.4850000e+03
   4.5030000e+03
   4.5310000e+03
   4.5500000e+03
   4.5640000e+03
   4.6480000e+03
   4.6550000e+03
   4.6780000e+03
   4.6910000e+03
   4.7210000e+03
   4.7740000e+03
   4.7940000e+03
   4.8090000e+03
   4.8210000e+03
   4.8310000e+03
   4.8400000e+03
   4.8620000e+03
   4.8670000e+03
   4.8740000e+03
   4.9070000e+03
   5.0550000e+03
   5.0640000e+03
   5.0840000e+03
   5.1030000e+03
   5.1160000e+03
   5.1550000e+03
   5.1660000e+03
   5.1740000e+03
   5.1900000e+03
   5.2010000e+03
   5.2120000e+03
   5.2230000e+03
   5.2380000e+03
   5.2530000e+03
   5.2620000e+03
   5.2670000e+03
   5.2820000e+03
   5.2900000e+03
   5.3050000e+03
   5.3190000e+03
   5.3260000e+03
   5.3520000e+03
   5.6500000e+03
   5.6580000e+03
   5.6700000e+03
   5.6980000e+03
   5.7460000e+03
   5.7840000e+03
   5.8350000e+03
   5.8570000e+03
   5.8960000e+03
   5.9240000e+03
   5.9350000e+03
   5.9440000e+03
   5.9540000e+03
   5.9690000e+03
   6.0490000e+03
   6.0740000e+03
   6.1240000e+03
   6.1930000e+03
   6.2140000e+03
   6.2370000e+03
   6.3840000e+03
   6.3950000e+03
   6.4100000e+03
   6.4210000e+03
   6.4310000e+03
   6.4500000e+03
   6.4660000e+03
   6.4740000e+03
   6.4840000e+03
   6.4950000e+03
   6.5110000e+03
   6.5200000e+03
   6.5400000e+03
   6.5460000e+03
   6.5560000e+03
   6.5730000e+03
   6.5900000e+03
   6.9620000e+03
   6.9670000e+03
   6.9730000e+03
   6.9770000e+03
   6.9810000e+03
   6.9880000e+03
   6.9980000e+03
   7.0040000e+03
   7.0140000e+03
   7.0210000e+03
   7.0300000e+03
   7.0360000e+03
   7.0450000e+03
   7.0520000e+03
   7.0730000e+03
   7.4560000e+03
   7.4630000e+03
   7.4730000e+03
   7.4840000e+03
   7.4980000e+03
   7.5120000e+03
   7.5240000e+03
   7.5320000e+03
   7.5410000e+03
   7.5490000e+03
   7.5610000e+03
   7.5750000e+03
   7.6020000e+03
   7.7230000e+03
   7.7380000e+03
   7.7600000e+03
   7.7760000e+03
   7.8100000e+03
   7.8230000e+03
   7.8330000e+03
   7.8400000e+03
   7.8510000e+03
   7.8610000e+03
   7.8720000e+03
   7.9150000e+03
   7.9380000e+03
   7.9620000e+03
   7.9750000e+03
   7.9860000e+03
   8.0010000e+03
   8.0060000e+03
   8.0260000e+03
   8.0320000e+03
   8.0440000e+03
   8.0520000e+03
   8.0580000e+03
   8.0640000e+03
   8.0680000e+03
   8.0730000e+03
   8.0790000e+03
   8.0830000e+03
   8.0940000e+03
   8.1040000e+03
   8.1180000e+03
   8.1260000e+03
   8.1380000e+03
   8.1480000e+03
   8.1620000e+03
   8.1870000e+03
   8.2080000e+03
   8.2280000e+03
   8.2700000e+03
   8.3560000e+03
   8.4100000e+03
   8.4250000e+03
   8.4310000e+03
   8.4470000e+03
   8.4720000e+03
   8.5390000e+03
   8.5520000e+03
   8.8070000e+03
   9.4440000e+03
   9.4680000e+03
   9.4750000e+03
   9.4900000e+03
   9.4980000e+03
   9.5090000e+03
   9.5180000e+03
   9.5290000e+03
   9.5370000e+03
   9.5420000e+03
   9.5460000e+03
   9.5550000e+03
   9.5600000e+03
   9.5670000e+03
   9.5740000e+03
   9.5820000e+03
   9.5930000e+03
   9.6010000e+03
   9.6100000e+03
   9.6230000e+03
   9.6360000e+03
   9.6490000e+03
   9.6600000e+03
   9.6720000e+03
   9.6790000e+03
   9.6870000e+03
   9.6930000e+03
   9.7160000e+03
   9.7260000e+03
   9.7440000e+03
   9.8840000e+03
   9.8910000e+03
   9.8990000e+03
   9.9050000e+03
   9.9130000e+03
   9.9200000e+03
   9.9250000e+03
   9.9380000e+03
   9.9580000e+03
   9.9670000e+03
   9.9860000e+03
   1.0003000e+04
   1.0030000e+04
   1.0037000e+04
