   1.4200000e+02
   1.5200000e+02
   1.5600000e+02
   1.6300000e+02
   1.6700000e+02
   1.7500000e+02
   1.8700000e+02
   1.9400000e+02
   1.9900000e+02
   2.0500000e+02
   2.1500000e+02
   2.2600000e+02
   2.3700000e+02
   2.5900000e+02
   3.9900000e+02
   4.2300000e+02
   4.3500000e+02
   4.4400000e+02
   4.4900000e+02
   4.5900000e+02
   4.6600000e+02
   4.7500000e+02
   4.8700000e+02
   5.0400000e+02
   5.3700000e+02
   5.5000000e+02
   5.6700000e+02
   5.8100000e+02
   7.0900000e+02
   8.7000000e+02
   8.8200000e+02
   8.9400000e+02
   9.0000000e+02
   9.0500000e+02
   9.1000000e+02
   9.1500000e+02
   9.1700000e+02
   9.2000000e+02
   9.2900000e+02
   9.3600000e+02
   9.4800000e+02
   9.7900000e+02
   1.2140000e+03
   1.2290000e+03
   1.2390000e+03
   1.2460000e+03
   1.2520000e+03
   1.2570000e+03
   1.2700000e+03
   1.2820000e+03
   1.3790000e+03
   1.5050000e+03
   1.5760000e+03
   1.5880000e+03
   1.9470000e+03
   1.9570000e+03
   1.9650000e+03
   1.9690000e+03
   1.9800000e+03
   1.9890000e+03
   1.9920000e+03
   2.0010000e+03
   2.0070000e+03
   2.0130000e+03
   2.0210000e+03
   2.0230000e+03
   2.0380000e+03
   2.0540000e+03
   2.0680000e+03
   2.0800000e+03
   2.1050000e+03
   2.1130000e+03
   2.1270000e+03
   2.1350000e+03
   2.1560000e+03
   2.1690000e+03
   2.1890000e+03
   2.1990000e+03
   2.2150000e+03
   2.2230000e+03
   2.2410000e+03
   2.2640000e+03
   2.2790000e+03
   2.2980000e+03
   2.3050000e+03
   2.3170000e+03
   2.3230000e+03
   2.3340000e+03
   2.3440000e+03
   2.3570000e+03
   2.3700000e+03
   2.4000000e+03
   2.4100000e+03
   2.5600000e+03
   2.5790000e+03
   2.6290000e+03
   2.6400000e+03
   2.6500000e+03
   2.6590000e+03
   2.6740000e+03
   2.6950000e+03
   2.7580000e+03
   2.7660000e+03
   2.7750000e+03
   2.7880000e+03
   3.0870000e+03
   3.0990000e+03
   3.1100000e+03
   3.1180000e+03
   3.1260000e+03
   3.1460000e+03
   3.1580000e+03
   3.2190000e+03
   3.2360000e+03
   3.2630000e+03
   3.2740000e+03
   3.2870000e+03
   3.3090000e+03
   3.3200000e+03
   3.3390000e+03
   3.3530000e+03
   3.3600000e+03
   3.3670000e+03
   3.3810000e+03
   3.3940000e+03
   3.4000000e+03
   3.4330000e+03
   3.4410000e+03
   3.4510000e+03
   3.4750000e+03
   3.5180000e+03
   3.5320000e+03
   3.5460000e+03
   3.8060000e+03
   3.8120000e+03
   3.8200000e+03
   3.8300000e+03
   3.8380000e+03
   3.8520000e+03
   3.8720000e+03
   3.8920000e+03
   3.9480000e+03
   4.0080000e+03
   4.0160000e+03
   4.0280000e+03
   4.0450000e+03
   4.0860000e+03
   4.0960000e+03
   4.1130000e+03
   4.1350000e+03
   4.1480000e+03
   4.1640000e+03
   4.2210000e+03
   4.2340000e+03
   4.2420000e+03
   4.2530000e+03
   4.2700000e+03
   4.2860000e+03
   4.3090000e+03
   4.4460000e+03
   4.4570000e+03
   4.4640000e+03
   4.4810000e+03
   4.4910000e+03
   4.5100000e+03
   4.5340000e+03
   4.5470000e+03
   4.5670000e+03
   4.6660000e+03
   4.6800000e+03
   4.7950000e+03
   4.8090000e+03
   4.8210000e+03
   4.8340000e+03
   4.8530000e+03
   4.8600000e+03
   4.8700000e+03
   4.8800000e+03
   4.9030000e+03
   5.0810000e+03
   5.0900000e+03
   5.1010000e+03
   5.1160000e+03
   5.1210000e+03
   5.1310000e+03
   5.1370000e+03
   5.1400000e+03
   5.1480000e+03
   5.1550000e+03
   5.1620000e+03
   5.1680000e+03
   5.1810000e+03
   5.1900000e+03
   5.2030000e+03
   5.5660000e+03
   5.5710000e+03
   5.5820000e+03
   5.5990000e+03
   5.6350000e+03
   5.6460000e+03
   5.6860000e+03
   5.6950000e+03
   5.7000000e+03
   5.7080000e+03
   5.7280000e+03
   5.7450000e+03
   5.7630000e+03
   5.7760000e+03
   5.7950000e+03
   5.8100000e+03
   5.8170000e+03
   5.8660000e+03
   5.8840000e+03
   5.8980000e+03
   5.9270000e+03
   6.2820000e+03
   6.4470000e+03
   6.4610000e+03
   6.4840000e+03
   6.5010000e+03
   6.5100000e+03
   6.5200000e+03
   6.5270000e+03
   6.5330000e+03
   6.5410000e+03
   6.5480000e+03
   6.5550000e+03
   6.5800000e+03
   6.5990000e+03
   6.6170000e+03
   6.7450000e+03
   6.8300000e+03
   6.8870000e+03
   6.9050000e+03
   6.9210000e+03
   6.9320000e+03
   6.9410000e+03
   6.9880000e+03
   6.9950000e+03
   7.0080000e+03
   7.0180000e+03
   7.0240000e+03
   7.0330000e+03
   7.0410000e+03
   7.0560000e+03
   7.0770000e+03
   7.0940000e+03
   7.1070000e+03
   7.1160000e+03
   7.1960000e+03
   7.2090000e+03
   7.2140000e+03
   7.2330000e+03
   7.2570000e+03
   7.4500000e+03
   7.4570000e+03
   7.4870000e+03
   7.5970000e+03
   7.6110000e+03
   7.6270000e+03
   7.6340000e+03
   7.6420000e+03
   7.6570000e+03
   7.6620000e+03
   7.6630000e+03
   7.6710000e+03
   7.6840000e+03
   7.6940000e+03
   7.7010000e+03
   7.7110000e+03
   7.7230000e+03
   7.7330000e+03
   7.7410000e+03
   7.7490000e+03
   7.7560000e+03
   7.7610000e+03
   7.7710000e+03
   7.7800000e+03
   7.8170000e+03
   7.8290000e+03
   7.8330000e+03
   7.8530000e+03
   8.0620000e+03
   8.0860000e+03
   8.4880000e+03
   8.4950000e+03
   8.5120000e+03
   8.5240000e+03
   8.5330000e+03
   9.0370000e+03
   9.0510000e+03
   9.0650000e+03
   9.0720000e+03
   9.1000000e+03
   9.1090000e+03
   9.1300000e+03
   9.1490000e+03
   9.1760000e+03
   9.2020000e+03
   9.2100000e+03
   9.2230000e+03
   9.2360000e+03
   9.2460000e+03
   9.2580000e+03
   9.7820000e+03
   9.7980000e+03
   9.8100000e+03
   9.8170000e+03
   9.8260000e+03
   9.8330000e+03
   9.8410000e+03
   9.8460000e+03
   9.8510000e+03
   9.8550000e+03
   9.8610000e+03
   9.8660000e+03
   9.8710000e+03
   9.8810000e+03
   9.8880000e+03
   9.9020000e+03
   9.9140000e+03
   9.9520000e+03
   9.9700000e+03
