   1.4500000e+02
   1.5300000e+02
   1.6100000e+02
   1.6800000e+02
   1.7300000e+02
   1.7600000e+02
   1.8400000e+02
   1.8700000e+02
   1.9100000e+02
   2.0500000e+02
   2.1000000e+02
   2.2000000e+02
   2.4100000e+02
   2.5700000e+02
   3.9800000e+02
   4.1200000e+02
   4.3200000e+02
   4.3600000e+02
   4.4700000e+02
   4.5400000e+02
   4.6100000e+02
   4.6900000e+02
   4.8100000e+02
   5.4300000e+02
   5.5400000e+02
   8.7400000e+02
   8.8200000e+02
   8.9200000e+02
   9.0100000e+02
   9.0700000e+02
   9.1300000e+02
   9.1800000e+02
   9.2400000e+02
   9.3500000e+02
   9.4200000e+02
   9.5100000e+02
   9.6600000e+02
   9.8300000e+02
   1.2260000e+03
   1.2370000e+03
   1.2430000e+03
   1.2600000e+03
   1.2650000e+03
   1.2740000e+03
   1.2830000e+03
   1.4330000e+03
   1.4440000e+03
   1.4590000e+03
   1.5700000e+03
   1.5850000e+03
   1.5920000e+03
   1.9470000e+03
   1.9550000e+03
   1.9660000e+03
   1.9740000e+03
   1.9840000e+03
   1.9890000e+03
   1.9950000e+03
   2.0010000e+03
   2.0050000e+03
   2.0150000e+03
   2.0220000e+03
   2.0280000e+03
   2.0370000e+03
   2.0440000e+03
   2.0540000e+03
   2.0740000e+03
   2.0920000e+03
   2.0980000e+03
   2.1100000e+03
   2.1160000e+03
   2.1230000e+03
   2.1400000e+03
   2.1600000e+03
   2.1760000e+03
   2.1890000e+03
   2.1950000e+03
   2.2260000e+03
   2.2800000e+03
   2.2920000e+03
   2.3060000e+03
   2.3170000e+03
   2.3380000e+03
   2.3490000e+03
   2.3600000e+03
   2.3680000e+03
   2.3760000e+03
   2.5620000e+03
   2.5730000e+03
   2.5860000e+03
   2.6170000e+03
   2.6390000e+03
   2.6680000e+03
   2.6760000e+03
   2.7550000e+03
   2.7690000e+03
   2.7850000e+03
   2.7970000e+03
   2.8760000e+03
   2.8930000e+03
   3.0910000e+03
   3.1000000e+03
   3.1090000e+03
   3.1140000e+03
   3.1270000e+03
   3.1430000e+03
   3.1980000e+03
   3.2180000e+03
   3.2290000e+03
   3.2370000e+03
   3.2470000e+03
   3.2740000e+03
   3.2840000e+03
   3.3020000e+03
   3.3140000e+03
   3.3260000e+03
   3.3590000e+03
   3.3700000e+03
   3.3800000e+03
   3.3930000e+03
   3.3960000e+03
   3.4060000e+03
   3.4220000e+03
   3.4360000e+03
   3.4500000e+03
   3.5350000e+03
   3.5420000e+03
   3.8120000e+03
   3.8190000e+03
   3.8350000e+03
   3.8520000e+03
   3.8590000e+03
   3.9090000e+03
   4.0120000e+03
   4.0240000e+03
   4.0490000e+03
   4.0610000e+03
   4.0910000e+03
   4.1010000e+03
   4.1090000e+03
   4.1160000e+03
   4.1180000e+03
   4.1290000e+03
   4.1410000e+03
   4.1480000e+03
   4.1630000e+03
   4.2300000e+03
   4.2410000e+03
   4.2650000e+03
   4.2760000e+03
   4.2830000e+03
   4.4540000e+03
   4.4650000e+03
   4.4770000e+03
   4.4970000e+03
   4.5170000e+03
   4.5340000e+03
   4.5520000e+03
   4.6590000e+03
   4.6750000e+03
   4.7030000e+03
   4.7860000e+03
   4.7970000e+03
   4.8100000e+03
   4.8150000e+03
   4.8290000e+03
   4.8400000e+03
   4.8560000e+03
   4.8790000e+03
   5.0550000e+03
   5.0590000e+03
   5.0690000e+03
   5.0900000e+03
   5.1010000e+03
   5.1150000e+03
   5.8770000e+03
   5.8870000e+03
   5.8940000e+03
   5.9020000e+03
   5.9110000e+03
   5.9190000e+03
   5.9310000e+03
   5.9380000e+03
   5.9450000e+03
   5.9630000e+03
   5.9720000e+03
   5.9860000e+03
   6.0020000e+03
   6.0160000e+03
   6.0250000e+03
   6.0310000e+03
   6.0440000e+03
   6.0540000e+03
   6.1000000e+03
   6.1150000e+03
   6.1250000e+03
   6.7250000e+03
   6.7420000e+03
   6.7580000e+03
   6.7670000e+03
   6.7730000e+03
   6.7780000e+03
   6.7850000e+03
   6.7980000e+03
   6.8050000e+03
   6.8120000e+03
   6.8170000e+03
   6.8220000e+03
   6.8270000e+03
   6.8340000e+03
   6.8420000e+03
   6.8490000e+03
   6.8600000e+03
   6.8700000e+03
   6.8810000e+03
   6.8960000e+03
   6.9200000e+03
   6.9310000e+03
   6.9400000e+03
   7.1590000e+03
   7.1700000e+03
   7.1780000e+03
   7.1870000e+03
   7.2000000e+03
   7.2110000e+03
   7.2290000e+03
   7.2380000e+03
   7.2610000e+03
   7.2730000e+03
   7.4450000e+03
   7.4560000e+03
   7.4640000e+03
   7.4730000e+03
   7.4850000e+03
   7.5020000e+03
   7.5120000e+03
   7.5170000e+03
   7.5260000e+03
   7.5330000e+03
   7.5620000e+03
   7.8910000e+03
   7.8980000e+03
   7.9080000e+03
   7.9140000e+03
   7.9340000e+03
   7.9530000e+03
   7.9780000e+03
   7.9890000e+03
   8.0140000e+03
   8.0290000e+03
   8.0370000e+03
   8.0760000e+03
   8.1010000e+03
   8.2600000e+03
   8.2690000e+03
   8.3050000e+03
   8.3130000e+03
   8.3250000e+03
   8.3370000e+03
   8.3470000e+03
   8.3550000e+03
   8.3830000e+03
   8.6600000e+03
   8.6960000e+03
   8.7130000e+03
   8.7250000e+03
   8.7660000e+03
   8.7750000e+03
   8.7910000e+03
   8.8940000e+03
   8.9070000e+03
   8.9350000e+03
   8.9430000e+03
   8.9650000e+03
   8.9700000e+03
   8.9750000e+03
   8.9830000e+03
   8.9890000e+03
   9.0000000e+03
   9.0080000e+03
   9.0170000e+03
   9.0270000e+03
   9.0410000e+03
   9.0510000e+03
   9.0660000e+03
   9.0790000e+03
   9.0970000e+03
   9.2800000e+03
   9.2990000e+03
   9.3100000e+03
   9.3200000e+03
   9.3370000e+03
   9.3510000e+03
   9.3660000e+03
   9.3700000e+03
   9.3850000e+03
   9.4110000e+03
   9.4210000e+03
   9.4560000e+03
   9.4790000e+03
   9.4920000e+03
   9.4990000e+03
   9.6000000e+03
   9.6440000e+03
   9.6530000e+03
   9.6680000e+03
   9.7850000e+03
   9.8080000e+03
   9.9920000e+03
   1.0011000e+04
   1.0026000e+04
   1.0037000e+04
