   9.9000000e+01
   1.2200000e+02
   1.3100000e+02
   1.4000000e+02
   1.4400000e+02
   1.5200000e+02
   1.5900000e+02
   1.6500000e+02
   1.7100000e+02
   1.7700000e+02
   1.8100000e+02
   1.8600000e+02
   1.9400000e+02
   1.9800000e+02
   2.0800000e+02
   2.1300000e+02
   2.2300000e+02
   2.3500000e+02
   2.5100000e+02
   3.8500000e+02
   3.9400000e+02
   4.0400000e+02
   4.2100000e+02
   4.3400000e+02
   4.4400000e+02
   4.5400000e+02
   4.6600000e+02
   4.7100000e+02
   4.8600000e+02
   5.1200000e+02
   5.2200000e+02
   5.4500000e+02
   5.6000000e+02
   7.0500000e+02
   8.7300000e+02
   8.8200000e+02
   8.9000000e+02
   9.0200000e+02
   9.0600000e+02
   9.1400000e+02
   9.1800000e+02
   9.2500000e+02
   9.3200000e+02
   9.4400000e+02
   9.5500000e+02
   9.8500000e+02
   1.2030000e+03
   1.2150000e+03
   1.2320000e+03
   1.2380000e+03
   1.2450000e+03
   1.2510000e+03
   1.2670000e+03
   1.2910000e+03
   1.3820000e+03
   1.4070000e+03
   1.4650000e+03
   1.5680000e+03
   1.5720000e+03
   1.5960000e+03
   1.9450000e+03
   1.9530000e+03
   1.9660000e+03
   1.9810000e+03
   1.9950000e+03
   2.0000000e+03
   2.0100000e+03
   2.0160000e+03
   2.0260000e+03
   2.0340000e+03
   2.0450000e+03
   2.0620000e+03
   2.0760000e+03
   2.1010000e+03
   2.1130000e+03
   2.1220000e+03
   2.1330000e+03
   2.1540000e+03
   2.1770000e+03
   2.1860000e+03
   2.1950000e+03
   2.2060000e+03
   2.2300000e+03
   2.2520000e+03
   2.2710000e+03
   2.2810000e+03
   2.2890000e+03
   2.2990000e+03
   2.3060000e+03
   2.3180000e+03
   2.3250000e+03
   2.3400000e+03
   2.3470000e+03
   2.3580000e+03
   2.3690000e+03
   2.3750000e+03
   2.3920000e+03
   2.4070000e+03
   2.4290000e+03
   2.5530000e+03
   2.5630000e+03
   2.5820000e+03
   2.6240000e+03
   2.6380000e+03
   2.6580000e+03
   2.6850000e+03
   2.7380000e+03
   2.7460000e+03
   2.7680000e+03
   2.7820000e+03
   2.8020000e+03
   2.8740000e+03
   3.0870000e+03
   3.0930000e+03
   3.1010000e+03
   3.1180000e+03
   3.1260000e+03
   3.1560000e+03
   3.2050000e+03
   3.2210000e+03
   3.2320000e+03
   3.2650000e+03
   3.2760000e+03
   3.2920000e+03
   3.2990000e+03
   3.3120000e+03
   3.3320000e+03
   3.3550000e+03
   3.3630000e+03
   3.3790000e+03
   3.3840000e+03
   3.3960000e+03
   3.4080000e+03
   3.4320000e+03
   3.4420000e+03
   3.4490000e+03
   3.4650000e+03
   3.5200000e+03
   3.5300000e+03
   3.5460000e+03
   3.7960000e+03
   3.8040000e+03
   3.8110000e+03
   3.8190000e+03
   3.8350000e+03
   3.8560000e+03
   3.9640000e+03
   4.0040000e+03
   4.0140000e+03
   4.0190000e+03
   4.0250000e+03
   4.0460000e+03
   4.0580000e+03
   4.0770000e+03
   4.0960000e+03
   4.1080000e+03
   4.1190000e+03
   4.1300000e+03
   4.1410000e+03
   4.1500000e+03
   4.1600000e+03
   4.2170000e+03
   4.2240000e+03
   4.2440000e+03
   4.2640000e+03
   4.2800000e+03
   4.3070000e+03
   4.4400000e+03
   4.4450000e+03
   4.4580000e+03
   4.4690000e+03
   4.4870000e+03
   4.5090000e+03
   4.5460000e+03
   4.6340000e+03
   4.6420000e+03
   4.6560000e+03
   4.6690000e+03
   4.6820000e+03
   4.7840000e+03
   4.7890000e+03
   4.8050000e+03
   4.8160000e+03
   4.8310000e+03
   4.8480000e+03
   4.8610000e+03
   4.8750000e+03
   4.8810000e+03
   4.9070000e+03
   4.9320000e+03
   5.2640000e+03
   5.2840000e+03
   5.3300000e+03
   5.3400000e+03
   5.3460000e+03
   5.3530000e+03
   5.3620000e+03
   5.3770000e+03
   5.3860000e+03
   5.4030000e+03
   5.4080000e+03
   5.4150000e+03
   5.4320000e+03
   5.4500000e+03
   5.4750000e+03
   5.4840000e+03
   5.5040000e+03
   5.9900000e+03
   6.0020000e+03
   6.0150000e+03
   6.0370000e+03
   6.0480000e+03
   6.0530000e+03
   6.0610000e+03
   6.0750000e+03
   6.0860000e+03
   6.1030000e+03
   6.1170000e+03
   6.1280000e+03
   6.1410000e+03
   6.1460000e+03
   6.1560000e+03
   6.1650000e+03
   6.1810000e+03
   6.3650000e+03
   6.3780000e+03
   6.4050000e+03
   6.4170000e+03
   6.4270000e+03
   6.4390000e+03
   6.4600000e+03
   6.4940000e+03
   6.5020000e+03
   6.5210000e+03
   6.5560000e+03
   6.5640000e+03
   6.5880000e+03
   6.6090000e+03
   6.6280000e+03
   6.6400000e+03
   6.6680000e+03
   6.6890000e+03
   6.7680000e+03
   6.8070000e+03
   6.8390000e+03
   6.8580000e+03
   7.1270000e+03
   7.2660000e+03
   7.2710000e+03
   7.2960000e+03
   7.6350000e+03
   7.6500000e+03
   7.6590000e+03
   7.6770000e+03
   7.7030000e+03
   7.7140000e+03
   7.8560000e+03
   7.8720000e+03
   7.8860000e+03
   7.8910000e+03
   7.9020000e+03
   7.9150000e+03
   8.3060000e+03
   8.3100000e+03
   8.3150000e+03
   8.3260000e+03
   8.3340000e+03
   8.3460000e+03
   8.3580000e+03
   8.3660000e+03
   8.3800000e+03
   8.3930000e+03
   8.4020000e+03
   8.4080000e+03
   8.4190000e+03
   8.4250000e+03
   8.4310000e+03
   8.4380000e+03
   8.4430000e+03
   8.4530000e+03
   8.4650000e+03
   8.4820000e+03
   8.5160000e+03
   8.7470000e+03
   8.7570000e+03
   8.7730000e+03
   8.7830000e+03
   8.8830000e+03
   8.9450000e+03
   8.9730000e+03
   8.9960000e+03
   9.0240000e+03
   9.0300000e+03
   9.0430000e+03
   9.0620000e+03
   9.0760000e+03
   9.0920000e+03
   9.1000000e+03
   9.1060000e+03
   9.1130000e+03
   9.1210000e+03
   9.1270000e+03
   9.1340000e+03
   9.1400000e+03
   9.1460000e+03
   9.1570000e+03
   9.1650000e+03
   9.1770000e+03
   9.2240000e+03
   9.3100000e+03
   9.3290000e+03
   9.3630000e+03
   9.3790000e+03
   9.4130000e+03
