   1.3900000e+02
   1.5300000e+02
   1.6000000e+02
   1.6400000e+02
   1.6800000e+02
   1.7200000e+02
   1.7700000e+02
   1.8100000e+02
   1.8300000e+02
   1.9200000e+02
   1.9500000e+02
   1.9600000e+02
   2.0000000e+02
   2.0600000e+02
   2.1500000e+02
   2.3000000e+02
   2.4300000e+02
   3.9800000e+02
   4.0900000e+02
   4.2300000e+02
   4.3400000e+02
   4.4400000e+02
   4.5000000e+02
   4.6300000e+02
   4.7100000e+02
   4.9300000e+02
   5.5500000e+02
   5.9300000e+02
   6.4300000e+02
   8.8100000e+02
   8.8600000e+02
   8.9900000e+02
   9.0800000e+02
   9.1000000e+02
   9.1600000e+02
   9.1900000e+02
   9.2700000e+02
   9.3000000e+02
   9.3900000e+02
   9.5400000e+02
   9.7000000e+02
   1.2210000e+03
   1.2400000e+03
   1.2480000e+03
   1.2530000e+03
   1.2580000e+03
   1.2640000e+03
   1.2780000e+03
   1.4110000e+03
   1.4290000e+03
   1.4400000e+03
   1.5130000e+03
   1.5880000e+03
   1.9480000e+03
   1.9620000e+03
   1.9680000e+03
   1.9750000e+03
   1.9830000e+03
   1.9900000e+03
   1.9960000e+03
   2.0010000e+03
   2.0070000e+03
   2.0120000e+03
   2.0230000e+03
   2.0280000e+03
   2.0350000e+03
   2.0440000e+03
   2.0560000e+03
   2.0860000e+03
   2.1020000e+03
   2.1110000e+03
   2.1190000e+03
   2.1370000e+03
   2.1700000e+03
   2.1820000e+03
   2.1900000e+03
   2.1970000e+03
   2.2100000e+03
   2.2310000e+03
   2.2460000e+03
   2.2590000e+03
   2.2690000e+03
   2.2790000e+03
   2.2970000e+03
   2.3060000e+03
   2.3150000e+03
   2.3220000e+03
   2.3310000e+03
   2.3410000e+03
   2.3510000e+03
   2.3630000e+03
   2.3740000e+03
   2.4100000e+03
   2.4290000e+03
   2.5660000e+03
   2.6140000e+03
   2.6240000e+03
   2.6360000e+03
   2.6450000e+03
   2.6560000e+03
   2.6670000e+03
   2.6810000e+03
   2.7490000e+03
   2.7850000e+03
   2.8290000e+03
   2.8730000e+03
   2.8830000e+03
   3.0870000e+03
   3.0970000e+03
   3.1070000e+03
   3.1130000e+03
   3.1200000e+03
   3.1360000e+03
   3.1670000e+03
   3.1820000e+03
   3.2060000e+03
   3.2200000e+03
   3.2330000e+03
   3.2480000e+03
   3.2670000e+03
   3.2830000e+03
   3.2950000e+03
   3.3080000e+03
   3.3240000e+03
   3.3340000e+03
   3.3620000e+03
   3.3770000e+03
   3.3880000e+03
   3.4000000e+03
   3.4100000e+03
   3.4350000e+03
   3.4440000e+03
   3.4520000e+03
   3.4750000e+03
   3.5280000e+03
   3.5360000e+03
   3.5510000e+03
   3.8130000e+03
   3.8170000e+03
   3.8230000e+03
   3.8310000e+03
   3.8410000e+03
   3.8520000e+03
   3.8600000e+03
   3.8740000e+03
   3.8910000e+03
   3.9350000e+03
   3.9450000e+03
   3.9630000e+03
   4.0140000e+03
   4.0190000e+03
   4.0260000e+03
   4.0370000e+03
   4.0480000e+03
   4.0720000e+03
   4.0940000e+03
   4.1120000e+03
   4.1210000e+03
   4.1320000e+03
   4.1410000e+03
   4.1520000e+03
   4.1650000e+03
   4.1840000e+03
   4.2380000e+03
   4.2500000e+03
   4.2630000e+03
   4.2740000e+03
   4.2830000e+03
   4.3010000e+03
   4.3170000e+03
   4.3360000e+03
   4.4510000e+03
   4.4570000e+03
   4.4640000e+03
   4.4720000e+03
   4.4940000e+03
   4.5120000e+03
   4.5350000e+03
   4.5520000e+03
   4.6400000e+03
   4.6590000e+03
   4.6720000e+03
   4.6830000e+03
   4.6990000e+03
   4.8010000e+03
   4.8090000e+03
   4.8210000e+03
   4.8330000e+03
   4.8440000e+03
   4.8610000e+03
   4.8690000e+03
   4.8760000e+03
   4.8860000e+03
   5.0800000e+03
   5.0950000e+03
   5.1160000e+03
   5.1250000e+03
   5.1730000e+03
   5.1960000e+03
   5.2600000e+03
   5.2760000e+03
   5.4380000e+03
   5.4570000e+03
   5.4690000e+03
   5.4810000e+03
   5.4900000e+03
   5.4970000e+03
   5.5170000e+03
   5.5320000e+03
   5.5480000e+03
   5.5710000e+03
   5.5870000e+03
   5.6080000e+03
   5.6160000e+03
   5.6510000e+03
   5.6580000e+03
   5.6690000e+03
   5.6780000e+03
   5.7060000e+03
   5.7170000e+03
   5.7620000e+03
   5.7800000e+03
   5.7940000e+03
   6.8610000e+03
   6.8750000e+03
   6.8840000e+03
   6.8940000e+03
   6.9040000e+03
   6.9120000e+03
   6.9300000e+03
   6.9480000e+03
   6.9630000e+03
   7.5140000e+03
   7.5190000e+03
   7.5430000e+03
   7.5690000e+03
   7.6790000e+03
   8.0010000e+03
   8.0060000e+03
   8.0170000e+03
   8.0230000e+03
   8.0340000e+03
   8.0720000e+03
   8.3360000e+03
   8.3580000e+03
   8.3730000e+03
   8.4420000e+03
   8.4600000e+03
   8.4680000e+03
   8.4800000e+03
   8.4860000e+03
   8.4920000e+03
   8.4990000e+03
   8.5070000e+03
   8.5140000e+03
   8.5260000e+03
   8.5320000e+03
   8.5450000e+03
   8.7700000e+03
   9.2520000e+03
   9.2740000e+03
   9.3970000e+03
   9.4090000e+03
   9.4220000e+03
   9.4280000e+03
   9.4380000e+03
   9.4450000e+03
   9.4570000e+03
   9.4670000e+03
   9.4800000e+03
   9.4890000e+03
   9.5010000e+03
   9.5140000e+03
   9.5280000e+03
   9.5400000e+03
   9.5620000e+03
   9.5730000e+03
   9.5910000e+03
   9.6080000e+03
   9.8290000e+03
   9.8440000e+03
   9.9120000e+03
   9.9200000e+03
   9.9350000e+03
   9.9410000e+03
   9.9500000e+03
   9.9620000e+03
   9.9750000e+03
   1.0010000e+04
   1.0025000e+04
