   1.4100000e+02
   1.5400000e+02
   1.6200000e+02
   1.6800000e+02
   1.7700000e+02
   1.8700000e+02
   1.9500000e+02
   2.0800000e+02
   2.1900000e+02
   2.4200000e+02
   4.0200000e+02
   4.2000000e+02
   4.4000000e+02
   4.5000000e+02
   4.5900000e+02
   4.7200000e+02
   4.8500000e+02
   5.0300000e+02
   5.2100000e+02
   5.3500000e+02
   5.5700000e+02
   7.0000000e+02
   8.7700000e+02
   8.8800000e+02
   9.0100000e+02
   9.0800000e+02
   9.1400000e+02
   9.2100000e+02
   9.3100000e+02
   9.4900000e+02
   9.6600000e+02
   1.2130000e+03
   1.2340000e+03
   1.2470000e+03
   1.2520000e+03
   1.2590000e+03
   1.2680000e+03
   1.2770000e+03
   1.3010000e+03
   1.3840000e+03
   1.4370000e+03
   1.4810000e+03
   1.4970000e+03
   1.5090000e+03
   1.5890000e+03
   1.9390000e+03
   1.9440000e+03
   1.9800000e+03
   1.9860000e+03
   1.9920000e+03
   2.0020000e+03
   2.0130000e+03
   2.0230000e+03
   2.0390000e+03
   2.0520000e+03
   2.0650000e+03
   2.0760000e+03
   2.0960000e+03
   2.1060000e+03
   2.1210000e+03
   2.1320000e+03
   2.1530000e+03
   2.1810000e+03
   2.1870000e+03
   2.1930000e+03
   2.2030000e+03
   2.2200000e+03
   2.2440000e+03
   2.2680000e+03
   2.2800000e+03
   2.2940000e+03
   2.3020000e+03
   2.3140000e+03
   2.3250000e+03
   2.3340000e+03
   2.3510000e+03
   2.3610000e+03
   2.3750000e+03
   2.3890000e+03
   2.4140000e+03
   2.4350000e+03
   2.5550000e+03
   2.5610000e+03
   2.5700000e+03
   2.6140000e+03
   2.6320000e+03
   2.6420000e+03
   2.6480000e+03
   2.6670000e+03
   2.7540000e+03
   2.7670000e+03
   2.7860000e+03
   2.8160000e+03
   2.8740000e+03
   3.0980000e+03
   3.1070000e+03
   3.1190000e+03
   3.1350000e+03
   3.1490000e+03
   3.1800000e+03
   3.2050000e+03
   3.2160000e+03
   3.2280000e+03
   3.2380000e+03
   3.2750000e+03
   3.2800000e+03
   3.2910000e+03
   3.3030000e+03
   3.3150000e+03
   3.3330000e+03
   3.3480000e+03
   3.3580000e+03
   3.3660000e+03
   3.3790000e+03
   3.3930000e+03
   3.4030000e+03
   3.4150000e+03
   3.4260000e+03
   3.4450000e+03
   3.5210000e+03
   3.5280000e+03
   3.5380000e+03
   3.5950000e+03
   3.8150000e+03
   3.8200000e+03
   3.8350000e+03
   3.8530000e+03
   3.8630000e+03
   3.8950000e+03
   3.9510000e+03
   3.9820000e+03
   4.0120000e+03
   4.0210000e+03
   4.0400000e+03
   4.0560000e+03
   4.0750000e+03
   4.0950000e+03
   4.1080000e+03
   4.1270000e+03
   4.1430000e+03
   4.1670000e+03
   4.2250000e+03
   4.2380000e+03
   4.2510000e+03
   4.2700000e+03
   4.2900000e+03
   4.3040000e+03
   4.4350000e+03
   4.4480000e+03
   4.4570000e+03
   4.4680000e+03
   4.4940000e+03
   4.5050000e+03
   4.5320000e+03
   4.5720000e+03
   4.6200000e+03
   4.6660000e+03
   4.6710000e+03
   4.6880000e+03
   4.7290000e+03
   4.7740000e+03
   4.7870000e+03
   4.7970000e+03
   4.8040000e+03
   4.8150000e+03
   4.8270000e+03
   4.8330000e+03
   4.8510000e+03
   4.8650000e+03
   4.8750000e+03
   4.8880000e+03
   5.0590000e+03
   5.0680000e+03
   5.0920000e+03
   5.1060000e+03
   5.1210000e+03
   5.1290000e+03
   5.1470000e+03
   5.1640000e+03
   5.1760000e+03
   5.1910000e+03
   5.2170000e+03
   5.2390000e+03
   5.2540000e+03
   5.2710000e+03
   5.2860000e+03
   5.3000000e+03
   5.3070000e+03
   5.3200000e+03
   5.3280000e+03
   5.3580000e+03
   5.3670000e+03
   5.3810000e+03
   5.4060000e+03
   5.4320000e+03
   5.5450000e+03
   5.5660000e+03
   5.5810000e+03
   5.5940000e+03
   5.5990000e+03
   5.6080000e+03
   5.6150000e+03
   5.6230000e+03
   5.6330000e+03
   5.6440000e+03
   5.6580000e+03
   5.6840000e+03
   5.7030000e+03
   5.7170000e+03
   5.7420000e+03
   5.7740000e+03
   5.7900000e+03
   5.8420000e+03
   5.8670000e+03
   5.8930000e+03
   5.9290000e+03
   5.9950000e+03
   6.0000000e+03
   6.0140000e+03
   6.0310000e+03
   6.0530000e+03
   6.0680000e+03
   6.0800000e+03
   6.0920000e+03
   6.1040000e+03
   6.1310000e+03
   6.2410000e+03
   6.2950000e+03
   6.3280000e+03
   6.6820000e+03
   6.6900000e+03
   6.7040000e+03
   6.7140000e+03
   6.7300000e+03
   6.7510000e+03
   6.7600000e+03
   6.7730000e+03
   6.7840000e+03
   6.7910000e+03
   6.8000000e+03
   6.8200000e+03
   6.8280000e+03
   6.8420000e+03
   6.8470000e+03
   6.8600000e+03
   6.8670000e+03
   6.8760000e+03
   6.8880000e+03
   6.8970000e+03
   6.9100000e+03
   6.9210000e+03
   6.9350000e+03
   6.9490000e+03
   6.9590000e+03
   6.9760000e+03
   6.9900000e+03
   7.0110000e+03
   7.0180000e+03
   7.0360000e+03
   7.0510000e+03
   7.0640000e+03
   7.0730000e+03
   7.1030000e+03
   7.1260000e+03
   7.1580000e+03
   7.1690000e+03
   7.2590000e+03
   7.8980000e+03
   7.9770000e+03
   8.0020000e+03
   8.0170000e+03
   8.0350000e+03
   8.0450000e+03
   8.0670000e+03
   8.0800000e+03
   8.0840000e+03
   8.0990000e+03
   8.1130000e+03
   8.1220000e+03
   8.1310000e+03
   8.1350000e+03
   8.1440000e+03
   8.1510000e+03
   8.1590000e+03
   8.1690000e+03
   8.1750000e+03
   8.1840000e+03
   8.1930000e+03
   8.1970000e+03
   8.2090000e+03
   8.2140000e+03
   8.2210000e+03
   8.2310000e+03
   8.2380000e+03
   8.2500000e+03
   8.2600000e+03
   8.2660000e+03
   8.2760000e+03
   8.2880000e+03
   8.2990000e+03
   8.3130000e+03
   8.3380000e+03
   8.3470000e+03
   8.3590000e+03
   8.3710000e+03
   8.3890000e+03
   8.4120000e+03
   8.4330000e+03
   8.4660000e+03
   8.4980000e+03
   8.5190000e+03
   8.5400000e+03
   8.5620000e+03
   8.5780000e+03
   8.5920000e+03
   8.6240000e+03
   8.6370000e+03
   8.6580000e+03
   8.6760000e+03
   8.8560000e+03
   9.0280000e+03
   9.0640000e+03
   9.1920000e+03
   9.2570000e+03
   9.2710000e+03
   9.3300000e+03
   9.3470000e+03
   9.3640000e+03
   9.3810000e+03
   9.3920000e+03
   9.4040000e+03
   9.4100000e+03
   9.4260000e+03
   9.4330000e+03
   9.4440000e+03
   9.4610000e+03
   9.4760000e+03
   9.4920000e+03
   9.5090000e+03
   9.5230000e+03
   9.5350000e+03
   9.5510000e+03
   9.5650000e+03
   9.6080000e+03
   9.6230000e+03
   9.6400000e+03
   9.6560000e+03
   9.6680000e+03
   9.6830000e+03
   9.7020000e+03
   9.7290000e+03
   9.7480000e+03
   9.7640000e+03
   9.7850000e+03
   9.8050000e+03
   9.8580000e+03
   9.9300000e+03
   9.9470000e+03
   1.0022000e+04
