   1.5500000e+02
   1.6200000e+02
   1.6900000e+02
   1.7800000e+02
   1.8800000e+02
   1.9600000e+02
   2.0900000e+02
   2.2000000e+02
   2.4300000e+02
   4.2000000e+02
   4.4100000e+02
   4.5100000e+02
   4.5900000e+02
   4.7300000e+02
   4.8600000e+02
   5.0400000e+02
   5.2200000e+02
   5.3600000e+02
   5.5800000e+02
   8.8800000e+02
   9.0200000e+02
   9.0800000e+02
   9.1500000e+02
   9.2100000e+02
   9.5000000e+02
   9.6700000e+02
   1.2340000e+03
   1.2470000e+03
   1.2530000e+03
   1.2600000e+03
   1.2690000e+03
   1.2770000e+03
   1.3010000e+03
   1.4970000e+03
   1.5100000e+03
   1.9440000e+03
   1.9810000e+03
   1.9870000e+03
   1.9930000e+03
   2.0030000e+03
   2.0140000e+03
   2.0240000e+03
   2.0400000e+03
   2.0530000e+03
   2.0650000e+03
   2.0770000e+03
   2.0960000e+03
   2.1060000e+03
   2.1220000e+03
   2.1330000e+03
   2.1870000e+03
   2.1940000e+03
   2.2210000e+03
   2.2810000e+03
   2.2950000e+03
   2.3030000e+03
   2.3140000e+03
   2.3350000e+03
   2.3610000e+03
   2.3760000e+03
   2.3900000e+03
   2.4150000e+03
   2.5620000e+03
   2.5710000e+03
   2.6320000e+03
   2.6430000e+03
   2.6490000e+03
   2.6680000e+03
   2.7680000e+03
   2.7860000e+03
   3.1080000e+03
   3.1200000e+03
   3.1360000e+03
   3.1500000e+03
   3.2170000e+03
   3.2290000e+03
   3.2390000e+03
   3.2810000e+03
   3.2910000e+03
   3.3040000e+03
   3.3330000e+03
   3.3480000e+03
   3.3590000e+03
   3.3680000e+03
   3.3800000e+03
   3.3930000e+03
   3.4040000e+03
   3.4160000e+03
   3.5290000e+03
   3.5390000e+03
   3.8200000e+03
   3.8360000e+03
   3.8630000e+03
   4.0220000e+03
   4.0560000e+03
   4.0760000e+03
   4.0960000e+03
   4.1090000e+03
   4.1280000e+03
   4.1440000e+03
   4.1680000e+03
   4.2380000e+03
   4.2510000e+03
   4.2710000e+03
   4.2900000e+03
   4.3040000e+03
   4.4490000e+03
   4.4580000e+03
   4.4690000e+03
   4.5060000e+03
   4.6720000e+03
   4.6890000e+03
   4.7880000e+03
   4.7970000e+03
   4.8050000e+03
   4.8160000e+03
   4.8270000e+03
   4.8340000e+03
   4.8660000e+03
   4.8760000e+03
   4.8890000e+03
   5.0680000e+03
   5.1060000e+03
   5.1210000e+03
   5.1300000e+03
   5.1650000e+03
   5.1770000e+03
   5.1920000e+03
   5.2180000e+03
   5.2400000e+03
   5.2540000e+03
   5.2720000e+03
   5.2860000e+03
   5.3010000e+03
   5.3080000e+03
   5.3290000e+03
   5.3680000e+03
   5.3820000e+03
   5.5660000e+03
   5.5820000e+03
   5.5950000e+03
   5.5990000e+03
   5.6080000e+03
   5.6160000e+03
   5.6340000e+03
   5.6450000e+03
   5.6590000e+03
   5.7040000e+03
   5.7180000e+03
   5.7900000e+03
   6.0010000e+03
   6.0150000e+03
   6.0310000e+03
   6.0530000e+03
   6.0690000e+03
   6.0800000e+03
   6.0920000e+03
   6.1050000e+03
   6.6910000e+03
   6.7040000e+03
   6.7150000e+03
   6.7300000e+03
   6.7510000e+03
   6.7610000e+03
   6.7740000e+03
   6.7850000e+03
   6.7920000e+03
   6.8000000e+03
   6.8290000e+03
   6.8430000e+03
   6.8470000e+03
   6.8610000e+03
   6.8670000e+03
   6.8770000e+03
   6.8880000e+03
   6.8900000e+03
   6.9110000e+03
   6.9220000e+03
   6.9500000e+03
   6.9600000e+03
   6.9770000e+03
   6.9910000e+03
   7.0120000e+03
   7.0180000e+03
   7.0370000e+03
   7.0520000e+03
   7.0650000e+03
   7.0740000e+03
   7.1040000e+03
   7.1690000e+03
   8.0020000e+03
   8.0180000e+03
   8.0350000e+03
   8.0460000e+03
   8.0800000e+03
   8.0850000e+03
   8.1140000e+03
   8.1230000e+03
   8.1310000e+03
   8.1350000e+03
   8.1450000e+03
   8.1510000e+03
   8.1600000e+03
   8.1760000e+03
   8.1840000e+03
   8.1940000e+03
   8.1970000e+03
   8.2090000e+03
   8.2150000e+03
   8.2220000e+03
   8.2320000e+03
   8.2510000e+03
   8.2600000e+03
   8.2670000e+03
   8.2890000e+03
   8.3000000e+03
   8.3130000e+03
   8.3470000e+03
   8.3600000e+03
   8.3720000e+03
   8.3890000e+03
   8.4130000e+03
   8.4340000e+03
   8.5780000e+03
   8.5920000e+03
   8.6380000e+03
   8.6580000e+03
   8.6770000e+03
   9.0650000e+03
   9.2710000e+03
   9.3480000e+03
   9.3650000e+03
   9.3810000e+03
   9.3920000e+03
   9.4040000e+03
   9.4100000e+03
   9.4270000e+03
   9.4340000e+03
   9.4450000e+03
   9.4620000e+03
   9.4770000e+03
   9.4930000e+03
   9.5100000e+03
   9.5230000e+03
   9.5350000e+03
   9.5660000e+03
   9.6410000e+03
   9.6570000e+03
   9.6680000e+03
   9.6830000e+03
   9.7650000e+03
   9.7850000e+03
   9.8060000e+03
   9.9480000e+03
