   1.5400000e+02
   1.6500000e+02
   1.7200000e+02
   1.8100000e+02
   1.8800000e+02
   2.0800000e+02
   2.1700000e+02
   2.3000000e+02
   2.5600000e+02
   4.0800000e+02
   4.3300000e+02
   4.4400000e+02
   4.5000000e+02
   4.5900000e+02
   4.7000000e+02
   4.8500000e+02
   5.0900000e+02
   5.3600000e+02
   8.9300000e+02
   9.0100000e+02
   9.0500000e+02
   9.1200000e+02
   9.1900000e+02
   9.2400000e+02
   9.3600000e+02
   9.5200000e+02
   9.9200000e+02
   1.2490000e+03
   1.2560000e+03
   1.2610000e+03
   1.2650000e+03
   1.2760000e+03
   1.4960000e+03
   1.5800000e+03
   1.9630000e+03
   1.9750000e+03
   1.9830000e+03
   1.9890000e+03
   1.9940000e+03
   2.0020000e+03
   2.0090000e+03
   2.0160000e+03
   2.0250000e+03
   2.0330000e+03
   2.0470000e+03
   2.0620000e+03
   2.0670000e+03
   2.1070000e+03
   2.1090000e+03
   2.1210000e+03
   2.1320000e+03
   2.1440000e+03
   2.1490000e+03
   2.1660000e+03
   2.1820000e+03
   2.1870000e+03
   2.2170000e+03
   2.2430000e+03
   2.2610000e+03
   2.2710000e+03
   2.2840000e+03
   2.2900000e+03
   2.3020000e+03
   2.3090000e+03
   2.3160000e+03
   2.3270000e+03
   2.3370000e+03
   2.3640000e+03
   2.3710000e+03
   2.4180000e+03
   2.4310000e+03
   2.5540000e+03
   2.5770000e+03
   2.5980000e+03
   2.6100000e+03
   2.6220000e+03
   2.6370000e+03
   2.6460000e+03
   2.7590000e+03
   2.7740000e+03
   2.7910000e+03
   3.0970000e+03
   3.1150000e+03
   3.1320000e+03
   3.1510000e+03
   3.2270000e+03
   3.2470000e+03
   3.2620000e+03
   3.2720000e+03
   3.2870000e+03
   3.2970000e+03
   3.3210000e+03
   3.3400000e+03
   3.3590000e+03
   3.3920000e+03
   3.3990000e+03
   3.4100000e+03
   3.4480000e+03
   3.5440000e+03
   3.5640000e+03
   3.8120000e+03
   3.8210000e+03
   3.8370000e+03
   3.8490000e+03
   3.8630000e+03
   3.8820000e+03
   3.9080000e+03
   4.0170000e+03
   4.0240000e+03
   4.0350000e+03
   4.0570000e+03
   4.1170000e+03
   4.1350000e+03
   4.1460000e+03
   4.2400000e+03
   4.2570000e+03
   4.2730000e+03
   4.2850000e+03
   4.2960000e+03
   4.4620000e+03
   4.4900000e+03
   4.5010000e+03
   4.5090000e+03
   4.6530000e+03
   4.6650000e+03
   4.6860000e+03
   4.8230000e+03
   4.8340000e+03
   4.8450000e+03
   4.8590000e+03
   4.8710000e+03
   5.0690000e+03
   5.0760000e+03
   5.0900000e+03
   5.0990000e+03
   5.1050000e+03
   5.1180000e+03
   5.1260000e+03
   5.1470000e+03
   5.1530000e+03
   5.1650000e+03
   5.1780000e+03
   5.1910000e+03
   5.1960000e+03
   5.2130000e+03
   5.2230000e+03
   5.2340000e+03
   5.2620000e+03
   5.2770000e+03
   5.2880000e+03
   5.3510000e+03
   5.3640000e+03
   5.3840000e+03
   5.3950000e+03
   5.4500000e+03
   5.4660000e+03
   5.4820000e+03
   5.5600000e+03
   5.5770000e+03
   5.5890000e+03
   5.7280000e+03
   5.7460000e+03
   5.9250000e+03
   6.0100000e+03
   6.3320000e+03
   6.3700000e+03
   6.3800000e+03
   6.3850000e+03
   6.4000000e+03
   6.4110000e+03
   6.4190000e+03
   6.4300000e+03
   6.4430000e+03
   6.4500000e+03
   6.4610000e+03
   6.4650000e+03
   6.4760000e+03
   6.4850000e+03
   6.5040000e+03
   7.5370000e+03
   7.5500000e+03
   7.5610000e+03
   7.5830000e+03
   7.6110000e+03
   7.6230000e+03
   7.6420000e+03
   7.6530000e+03
   7.8580000e+03
   8.0410000e+03
   8.0590000e+03
   8.1920000e+03
   8.2030000e+03
   8.2140000e+03
   8.2300000e+03
   8.2380000e+03
   8.2440000e+03
   8.2500000e+03
   8.2550000e+03
   8.2600000e+03
   8.2680000e+03
   8.2760000e+03
   8.2880000e+03
   8.3000000e+03
   8.3140000e+03
   8.3280000e+03
   8.3400000e+03
   8.3480000e+03
   8.3600000e+03
   8.3800000e+03
   8.3990000e+03
   8.4190000e+03
   8.5430000e+03
   8.5480000e+03
   8.5640000e+03
   8.5760000e+03
   8.5820000e+03
   8.5950000e+03
   8.6040000e+03
   8.6440000e+03
   8.6640000e+03
   8.6770000e+03
   8.7610000e+03
   8.7760000e+03
   8.7960000e+03
   8.8140000e+03
   8.8210000e+03
   9.3250000e+03
   9.3500000e+03
   9.3600000e+03
   9.3730000e+03
   9.3850000e+03
   9.3950000e+03
   9.4110000e+03
   9.4200000e+03
   9.4340000e+03
   9.4450000e+03
   9.4550000e+03
   9.4600000e+03
   9.4740000e+03
   9.4800000e+03
   9.4890000e+03
   9.5000000e+03
   9.5170000e+03
   9.5330000e+03
   9.5450000e+03
   9.5560000e+03
   9.5690000e+03
   9.5700000e+03
   9.5960000e+03
   9.6050000e+03
   9.6150000e+03
   9.6290000e+03
   9.6400000e+03
   9.6460000e+03
   9.6580000e+03
   9.6670000e+03
   9.6780000e+03
   9.7090000e+03
   9.7270000e+03
   9.7440000e+03
   9.7550000e+03
   9.7780000e+03
   9.7880000e+03
   9.8270000e+03
   9.9780000e+03
