   1.5700000e+02
   1.6200000e+02
   1.7100000e+02
   1.7600000e+02
   1.8200000e+02
   1.9400000e+02
   2.0100000e+02
   2.1000000e+02
   2.2200000e+02
   2.4800000e+02
   4.1800000e+02
   4.3700000e+02
   4.4800000e+02
   4.5500000e+02
   4.6400000e+02
   4.7200000e+02
   5.0900000e+02
   5.3100000e+02
   8.9600000e+02
   9.0400000e+02
   9.1200000e+02
   9.2200000e+02
   9.2900000e+02
   9.3700000e+02
   9.6400000e+02
   1.2230000e+03
   1.2380000e+03
   1.2490000e+03
   1.2580000e+03
   1.2710000e+03
   1.9670000e+03
   1.9760000e+03
   1.9850000e+03
   1.9900000e+03
   1.9980000e+03
   2.0020000e+03
   2.0120000e+03
   2.0190000e+03
   2.0310000e+03
   2.0410000e+03
   2.0500000e+03
   2.1170000e+03
   2.1480000e+03
   2.1890000e+03
   2.2040000e+03
   2.2160000e+03
   2.2290000e+03
   2.2420000e+03
   2.2710000e+03
   2.2810000e+03
   2.2960000e+03
   2.3100000e+03
   2.3200000e+03
   2.3350000e+03
   2.3480000e+03
   2.3620000e+03
   2.3690000e+03
   2.3820000e+03
   2.4050000e+03
   2.5650000e+03
   2.5870000e+03
   2.6340000e+03
   2.6440000e+03
   2.6670000e+03
   3.1130000e+03
   3.1340000e+03
   3.1430000e+03
   3.2330000e+03
   3.2710000e+03
   3.2810000e+03
   3.3330000e+03
   3.3680000e+03
   3.3780000e+03
   3.3860000e+03
   3.4050000e+03
   3.4170000e+03
   3.4330000e+03
   3.4420000e+03
   3.4570000e+03
   3.5500000e+03
   3.8320000e+03
   3.8410000e+03
   3.8660000e+03
   3.8840000e+03
   4.0300000e+03
   4.0400000e+03
   4.0620000e+03
   4.0840000e+03
   4.1070000e+03
   4.1210000e+03
   4.1360000e+03
   4.1410000e+03
   4.1540000e+03
   4.1670000e+03
   4.2560000e+03
   4.2650000e+03
   4.2930000e+03
   4.3000000e+03
   4.3180000e+03
   4.4520000e+03
   4.4650000e+03
   4.4880000e+03
   4.5170000e+03
   4.8050000e+03
   4.8160000e+03
   4.8260000e+03
   4.8390000e+03
   4.8500000e+03
   4.8620000e+03
   4.8710000e+03
   4.8810000e+03
   4.8970000e+03
   5.0980000e+03
   5.4230000e+03
   5.4290000e+03
   5.4400000e+03
   5.4500000e+03
   5.4690000e+03
   5.4860000e+03
   5.5140000e+03
   5.5260000e+03
   5.5370000e+03
   5.5480000e+03
   5.7960000e+03
   5.8030000e+03
   5.8150000e+03
   5.8220000e+03
   5.8390000e+03
   5.8850000e+03
   5.9490000e+03
   5.9690000e+03
   5.9870000e+03
   6.2200000e+03
   6.2420000e+03
   6.3280000e+03
   6.3390000e+03
   6.4560000e+03
   6.4690000e+03
   6.4810000e+03
   6.5250000e+03
   6.5400000e+03
   6.5530000e+03
   6.9350000e+03
   6.9460000e+03
   6.9550000e+03
   6.9720000e+03
   6.9780000e+03
   6.9860000e+03
   6.9930000e+03
   6.9990000e+03
   7.0020000e+03
   7.0090000e+03
   7.0110000e+03
   7.0210000e+03
   7.0280000e+03
   7.0340000e+03
   7.0660000e+03
   7.0800000e+03
   7.3010000e+03
   7.4210000e+03
   7.4390000e+03
   7.4450000e+03
   7.4540000e+03
   7.4630000e+03
   7.4780000e+03
   7.4870000e+03
   7.4960000e+03
   7.5010000e+03
   7.5140000e+03
   7.5250000e+03
   7.5360000e+03
   7.5920000e+03
   7.6430000e+03
   7.6570000e+03
   7.6850000e+03
   7.9490000e+03
   7.9570000e+03
   7.9730000e+03
   8.0200000e+03
   8.0290000e+03
   8.0370000e+03
   8.0460000e+03
   8.1610000e+03
   8.1780000e+03
   8.1910000e+03
   8.2200000e+03
   8.2360000e+03
   8.2550000e+03
   8.2670000e+03
   8.2760000e+03
   8.2860000e+03
   8.2990000e+03
   8.3110000e+03
   8.3240000e+03
   8.3350000e+03
   8.3490000e+03
   8.3710000e+03
   8.3830000e+03
   8.6500000e+03
   8.6630000e+03
   8.6950000e+03
   8.7110000e+03
   9.2460000e+03
   9.2650000e+03
   9.2780000e+03
   9.2870000e+03
   9.2920000e+03
   9.2990000e+03
   9.3040000e+03
   9.3190000e+03
   9.3290000e+03
   9.3370000e+03
   9.3480000e+03
   9.3650000e+03
   9.3840000e+03
   9.3920000e+03
   9.4070000e+03
   9.4170000e+03
   9.4300000e+03
   9.4540000e+03
   9.4610000e+03
   9.4810000e+03
   9.5130000e+03
   9.6750000e+03
   9.6880000e+03
   9.7090000e+03
   9.7870000e+03
   9.7950000e+03
   9.8490000e+03
   9.8690000e+03
   9.8840000e+03
   9.8940000e+03
   9.9080000e+03
   9.9210000e+03
