   1.3700000e+02
   1.4800000e+02
   1.5400000e+02
   1.6200000e+02
   1.6600000e+02
   1.7200000e+02
   1.7500000e+02
   1.7900000e+02
   1.8300000e+02
   1.8700000e+02
   1.9900000e+02
   2.1200000e+02
   2.3100000e+02
   2.4800000e+02
   3.9500000e+02
   4.1000000e+02
   4.2900000e+02
   4.3800000e+02
   4.5700000e+02
   4.6200000e+02
   4.7300000e+02
   5.0500000e+02
   5.1500000e+02
   5.2600000e+02
   5.4500000e+02
   5.5700000e+02
   5.6400000e+02
   8.8200000e+02
   8.9300000e+02
   8.9600000e+02
   9.0300000e+02
   9.1000000e+02
   9.1200000e+02
   9.1400000e+02
   9.1800000e+02
   9.2600000e+02
   9.3500000e+02
   9.4500000e+02
   9.5800000e+02
   1.2430000e+03
   1.2580000e+03
   1.2630000e+03
   1.2780000e+03
   1.2920000e+03
   1.3870000e+03
   1.5840000e+03
   1.9440000e+03
   1.9540000e+03
   1.9680000e+03
   1.9790000e+03
   1.9850000e+03
   1.9940000e+03
   1.9970000e+03
   2.0040000e+03
   2.0090000e+03
   2.0140000e+03
   2.0220000e+03
   2.0320000e+03
   2.0430000e+03
   2.0630000e+03
   2.0780000e+03
   2.1020000e+03
   2.1120000e+03
   2.1200000e+03
   2.1300000e+03
   2.1820000e+03
   2.1940000e+03
   2.2020000e+03
   2.2170000e+03
   2.2420000e+03
   2.2540000e+03
   2.2700000e+03
   2.2900000e+03
   2.2970000e+03
   2.3050000e+03
   2.3130000e+03
   2.3330000e+03
   2.3430000e+03
   2.3540000e+03
   2.3590000e+03
   2.3720000e+03
   2.3810000e+03
   2.3880000e+03
   2.4300000e+03
   2.5710000e+03
   2.5920000e+03
   2.6350000e+03
   2.6480000e+03
   2.6630000e+03
   2.7560000e+03
   2.7630000e+03
   2.7730000e+03
   2.7860000e+03
   3.0890000e+03
   3.0950000e+03
   3.1040000e+03
   3.1150000e+03
   3.1260000e+03
   3.1380000e+03
   3.2210000e+03
   3.2490000e+03
   3.2760000e+03
   3.2890000e+03
   3.3030000e+03
   3.3250000e+03
   3.3370000e+03
   3.3460000e+03
   3.3560000e+03
   3.3670000e+03
   3.3790000e+03
   3.3910000e+03
   3.3990000e+03
   3.4140000e+03
   3.4260000e+03
   3.4400000e+03
   3.4480000e+03
   3.5410000e+03
   3.8140000e+03
   3.8240000e+03
   3.8330000e+03
   3.8460000e+03
   3.8580000e+03
   3.8950000e+03
   4.0140000e+03
   4.0280000e+03
   4.0780000e+03
   4.0970000e+03
   4.1100000e+03
   4.1140000e+03
   4.1230000e+03
   4.1380000e+03
   4.1490000e+03
   4.1700000e+03
   4.2090000e+03
   4.2350000e+03
   4.2480000e+03
   4.2630000e+03
   4.2760000e+03
   4.4510000e+03
   4.4570000e+03
   4.4720000e+03
   4.4910000e+03
   4.5000000e+03
   4.5260000e+03
   4.5520000e+03
   4.5730000e+03
   4.6380000e+03
   4.6980000e+03
   4.7930000e+03
   4.8060000e+03
   4.8150000e+03
   4.8200000e+03
   4.8350000e+03
   4.8440000e+03
   4.8660000e+03
   4.8760000e+03
   5.0880000e+03
   5.1030000e+03
   5.1100000e+03
   5.1220000e+03
   5.1350000e+03
   5.1430000e+03
   5.1500000e+03
   5.1550000e+03
   5.1670000e+03
   5.1720000e+03
   5.1790000e+03
   5.1840000e+03
   5.1970000e+03
   5.2050000e+03
   5.2150000e+03
   5.9040000e+03
   5.9360000e+03
   5.9820000e+03
   5.9900000e+03
   5.9980000e+03
   6.0050000e+03
   6.0110000e+03
   6.0150000e+03
   6.0260000e+03
   6.0370000e+03
   6.0460000e+03
   6.0590000e+03
   6.0890000e+03
   6.1270000e+03
   6.2630000e+03
   6.2790000e+03
   6.2850000e+03
   6.3010000e+03
   6.3240000e+03
   6.4200000e+03
   6.4360000e+03
   6.9980000e+03
   7.0590000e+03
   7.0730000e+03
   7.0880000e+03
   7.0970000e+03
   7.1140000e+03
   7.1380000e+03
   7.2260000e+03
   7.2400000e+03
   7.2870000e+03
   7.7910000e+03
   7.8100000e+03
   7.8140000e+03
   7.8240000e+03
   7.8300000e+03
   7.8360000e+03
   7.8450000e+03
   7.8500000e+03
   7.8570000e+03
   7.8630000e+03
   7.8720000e+03
   7.8780000e+03
   7.8940000e+03
   7.9080000e+03
   7.9210000e+03
   7.9390000e+03
   7.9630000e+03
   7.9790000e+03
   7.9920000e+03
   8.0100000e+03
   8.0280000e+03
   8.3160000e+03
   8.3290000e+03
   8.3410000e+03
   8.3560000e+03
   8.3720000e+03
   8.3790000e+03
   8.3900000e+03
   8.3980000e+03
   8.4160000e+03
   8.4240000e+03
   8.4360000e+03
   8.4570000e+03
   8.5850000e+03
   8.5940000e+03
   8.6960000e+03
   8.7050000e+03
   8.7180000e+03
   8.7390000e+03
   8.7510000e+03
   8.7750000e+03
   8.7840000e+03
   8.8090000e+03
   8.8250000e+03
   8.8720000e+03
   9.1960000e+03
   9.2050000e+03
   9.2320000e+03
   9.2500000e+03
   9.2670000e+03
   9.2770000e+03
   1.0018000e+04
