   1.2800000e+02
   1.3700000e+02
   1.4200000e+02
   1.4700000e+02
   1.5900000e+02
   1.6400000e+02
   1.6800000e+02
   1.7200000e+02
   1.7700000e+02
   1.8300000e+02
   1.8600000e+02
   1.9200000e+02
   1.9700000e+02
   2.0800000e+02
   2.1200000e+02
   2.2100000e+02
   2.3200000e+02
   2.4100000e+02
   3.8400000e+02
   3.8900000e+02
   3.9900000e+02
   4.0500000e+02
   4.1900000e+02
   4.2500000e+02
   4.3700000e+02
   4.4400000e+02
   4.5500000e+02
   4.6600000e+02
   4.7300000e+02
   4.9700000e+02
   5.1500000e+02
   5.2700000e+02
   5.3800000e+02
   5.4700000e+02
   5.5700000e+02
   5.6800000e+02
   5.7900000e+02
   8.7900000e+02
   8.8400000e+02
   8.9300000e+02
   9.0100000e+02
   9.0600000e+02
   9.1400000e+02
   9.1900000e+02
   9.2100000e+02
   9.2700000e+02
   9.4100000e+02
   9.7500000e+02
   1.2020000e+03
   1.2250000e+03
   1.2360000e+03
   1.2430000e+03
   1.2550000e+03
   1.2610000e+03
   1.2680000e+03
   1.2830000e+03
   1.4170000e+03
   1.4270000e+03
   1.4650000e+03
   1.4900000e+03
   1.5020000e+03
   1.5850000e+03
   1.9450000e+03
   1.9580000e+03
   1.9640000e+03
   1.9730000e+03
   1.9850000e+03
   1.9920000e+03
   1.9970000e+03
   2.0030000e+03
   2.0150000e+03
   2.0230000e+03
   2.0280000e+03
   2.0370000e+03
   2.0570000e+03
   2.0680000e+03
   2.0880000e+03
   2.0990000e+03
   2.1040000e+03
   2.1110000e+03
   2.1230000e+03
   2.1330000e+03
   2.1400000e+03
   2.1510000e+03
   2.1680000e+03
   2.1790000e+03
   2.1870000e+03
   2.1960000e+03
   2.2040000e+03
   2.2150000e+03
   2.2370000e+03
   2.2570000e+03
   2.2650000e+03
   2.2790000e+03
   2.2970000e+03
   2.3090000e+03
   2.3380000e+03
   2.3490000e+03
   2.3630000e+03
   2.3770000e+03
   2.3930000e+03
   2.4080000e+03
   2.4230000e+03
   2.4350000e+03
   2.5550000e+03
   2.5600000e+03
   2.5670000e+03
   2.5840000e+03
   2.5990000e+03
   2.6190000e+03
   2.6320000e+03
   2.6420000e+03
   2.6600000e+03
   2.6820000e+03
   2.7510000e+03
   2.7680000e+03
   2.7740000e+03
   2.7870000e+03
   2.8530000e+03
   2.8730000e+03
   2.8870000e+03
   3.0960000e+03
   3.1070000e+03
   3.1150000e+03
   3.1250000e+03
   3.1340000e+03
   3.1470000e+03
   3.1590000e+03
   3.1760000e+03
   3.2000000e+03
   3.2160000e+03
   3.2290000e+03
   3.2430000e+03
   3.2580000e+03
   3.2680000e+03
   3.2740000e+03
   3.2920000e+03
   3.3050000e+03
   3.3120000e+03
   3.3270000e+03
   3.3420000e+03
   3.3550000e+03
   3.3790000e+03
   3.3880000e+03
   3.3990000e+03
   3.4140000e+03
   3.4270000e+03
   3.4390000e+03
   3.4560000e+03
   3.4730000e+03
   3.4910000e+03
   3.5190000e+03
   3.5300000e+03
   3.5400000e+03
   3.5530000e+03
   3.8050000e+03
   3.8150000e+03
   3.8180000e+03
   3.8260000e+03
   3.8350000e+03
   3.8540000e+03
   3.8740000e+03
   3.8960000e+03
   3.9100000e+03
   4.0030000e+03
   4.0100000e+03
   4.0190000e+03
   4.0310000e+03
   4.0430000e+03
   4.0570000e+03
   4.0830000e+03
   4.1060000e+03
   4.1180000e+03
   4.1300000e+03
   4.1390000e+03
   4.1480000e+03
   4.1660000e+03
   4.2310000e+03
   4.2480000e+03
   4.2610000e+03
   4.2680000e+03
   4.2810000e+03
   4.2930000e+03
   4.3000000e+03
   4.4380000e+03
   4.4470000e+03
   4.4560000e+03
   4.4700000e+03
   4.4810000e+03
   4.4970000e+03
   4.5620000e+03
   4.6490000e+03
   4.6600000e+03
   4.6710000e+03
   4.6890000e+03
   4.7020000e+03
   4.7790000e+03
   4.7970000e+03
   4.8060000e+03
   4.8170000e+03
   4.8230000e+03
   4.8320000e+03
   4.8450000e+03
   4.8540000e+03
   4.8650000e+03
   4.8720000e+03
   4.8860000e+03
   4.8990000e+03
   5.1790000e+03
   5.3520000e+03
   5.3640000e+03
   5.3770000e+03
   5.3900000e+03
   5.3940000e+03
   5.4030000e+03
   5.4140000e+03
   5.4410000e+03
   5.6160000e+03
   5.6280000e+03
   5.6410000e+03
   5.6540000e+03
   5.6730000e+03
   5.8050000e+03
   5.8120000e+03
   5.8230000e+03
   5.8310000e+03
   5.8430000e+03
   5.8560000e+03
   5.8670000e+03
   5.8740000e+03
   5.8850000e+03
   5.8910000e+03
   5.8980000e+03
   5.9180000e+03
   5.9310000e+03
   5.9430000e+03
   5.9540000e+03
   5.9590000e+03
   5.9790000e+03
   5.9840000e+03
   5.9920000e+03
   6.0020000e+03
   6.0180000e+03
   6.0350000e+03
   6.0510000e+03
   6.0600000e+03
   6.0740000e+03
   6.0930000e+03
   6.3570000e+03
   6.5020000e+03
   6.5120000e+03
   6.5280000e+03
   6.5420000e+03
   6.5500000e+03
   6.6060000e+03
   6.6500000e+03
   6.7350000e+03
   6.9090000e+03
   6.9230000e+03
   6.9340000e+03
   6.9460000e+03
   6.9830000e+03
   6.9930000e+03
   6.9990000e+03
   7.0060000e+03
   7.0140000e+03
   7.0230000e+03
   7.0300000e+03
   7.0430000e+03
   7.0650000e+03
   7.2620000e+03
   7.2990000e+03
   7.3140000e+03
   7.3980000e+03
   7.4050000e+03
   7.4220000e+03
   7.4360000e+03
   7.4500000e+03
   7.4700000e+03
   7.4850000e+03
   7.4930000e+03
   7.5090000e+03
   7.5520000e+03
   7.5640000e+03
   7.5850000e+03
   7.9950000e+03
   8.0120000e+03
   8.0230000e+03
   8.0430000e+03
   8.1540000e+03
   8.1640000e+03
   8.1740000e+03
   8.1780000e+03
   8.1840000e+03
   8.1880000e+03
   8.1950000e+03
   8.2000000e+03
   8.2080000e+03
   8.2160000e+03
   8.2270000e+03
   8.2380000e+03
   8.3550000e+03
   8.3660000e+03
   8.3830000e+03
   8.5740000e+03
   8.5960000e+03
   8.6190000e+03
   8.8710000e+03
   8.8800000e+03
   8.8900000e+03
   8.8970000e+03
   8.9140000e+03
   8.9250000e+03
   8.9400000e+03
   8.9490000e+03
   8.9680000e+03
   9.0040000e+03
   9.0230000e+03
   9.1110000e+03
   9.1230000e+03
   9.1320000e+03
   9.1420000e+03
   9.1540000e+03
   9.1670000e+03
   9.1870000e+03
   9.1990000e+03
   9.2930000e+03
   9.2990000e+03
   9.5980000e+03
   9.6110000e+03
   9.6300000e+03
   9.6390000e+03
   9.8720000e+03
   9.8860000e+03
   9.9140000e+03
