   9.3000000e+01
   1.2000000e+02
   1.3500000e+02
   1.4600000e+02
   1.5400000e+02
   1.6000000e+02
   1.6400000e+02
   1.7000000e+02
   1.7600000e+02
   1.8700000e+02
   1.9300000e+02
   2.0300000e+02
   2.1400000e+02
   2.3300000e+02
   2.6900000e+02
   3.8600000e+02
   3.9500000e+02
   4.0400000e+02
   4.1500000e+02
   4.2400000e+02
   4.3700000e+02
   4.4300000e+02
   4.5300000e+02
   4.5900000e+02
   4.6500000e+02
   4.7400000e+02
   4.8400000e+02
   5.1500000e+02
   5.2800000e+02
   5.4400000e+02
   5.5200000e+02
   5.5800000e+02
   5.7800000e+02
   5.9800000e+02
   6.2400000e+02
   6.4500000e+02
   6.9700000e+02
   7.1800000e+02
   8.5600000e+02
   8.6100000e+02
   8.7100000e+02
   8.8000000e+02
   8.8900000e+02
   8.9500000e+02
   9.0000000e+02
   9.0700000e+02
   9.1100000e+02
   9.1800000e+02
   9.2100000e+02
   9.2800000e+02
   9.3900000e+02
   9.5500000e+02
   9.7600000e+02
   1.1830000e+03
   1.1960000e+03
   1.2010000e+03
   1.2100000e+03
   1.2150000e+03
   1.2340000e+03
   1.2420000e+03
   1.2490000e+03
   1.2550000e+03
   1.2600000e+03
   1.2640000e+03
   1.2690000e+03
   1.2800000e+03
   1.3450000e+03
   1.3680000e+03
   1.3750000e+03
   1.3880000e+03
   1.4130000e+03
   1.4230000e+03
   1.4400000e+03
   1.4540000e+03
   1.4700000e+03
   1.4910000e+03
   1.5050000e+03
   1.5350000e+03
   1.5680000e+03
   1.5750000e+03
   1.5830000e+03
   1.5910000e+03
   1.6850000e+03
   1.8220000e+03
   1.9220000e+03
   1.9360000e+03
   1.9470000e+03
   1.9550000e+03
   1.9600000e+03
   1.9650000e+03
   1.9760000e+03
   1.9800000e+03
   1.9860000e+03
   1.9910000e+03
   1.9970000e+03
   2.0030000e+03
   2.0130000e+03
   2.0200000e+03
   2.0280000e+03
   2.0300000e+03
   2.0360000e+03
   2.0460000e+03
   2.0610000e+03
   2.0730000e+03
   2.0900000e+03
   2.1030000e+03
   2.1080000e+03
   2.1100000e+03
   2.1210000e+03
   2.1270000e+03
   2.1370000e+03
   2.1500000e+03
   2.1700000e+03
   2.1850000e+03
   2.1930000e+03
   2.2060000e+03
   2.2240000e+03
   2.2480000e+03
   2.2580000e+03
   2.2760000e+03
   2.2870000e+03
   2.2970000e+03
   2.3120000e+03
   2.3230000e+03
   2.3340000e+03
   2.3470000e+03
   2.3570000e+03
   2.3700000e+03
   2.3840000e+03
   2.4050000e+03
   2.4180000e+03
   2.4360000e+03
   2.5490000e+03
   2.5540000e+03
   2.5580000e+03
   2.5740000e+03
   2.5800000e+03
   2.6130000e+03
   2.6220000e+03
   2.6370000e+03
   2.6510000e+03
   2.6630000e+03
   2.6780000e+03
   2.6970000e+03
   2.7410000e+03
   2.7520000e+03
   2.7680000e+03
   2.7770000e+03
   2.7880000e+03
   2.8030000e+03
   2.8160000e+03
   2.8370000e+03
   2.8620000e+03
   2.8740000e+03
   2.8890000e+03
   2.9700000e+03
   2.9800000e+03
   3.0690000e+03
   3.0820000e+03
   3.0880000e+03
   3.0950000e+03
   3.1020000e+03
   3.1080000e+03
   3.1130000e+03
   3.1210000e+03
   3.1310000e+03
   3.1390000e+03
   3.1500000e+03
   3.1580000e+03
   3.1740000e+03
   3.1910000e+03
   3.2090000e+03
   3.2210000e+03
   3.2340000e+03
   3.2560000e+03
   3.2640000e+03
   3.2750000e+03
   3.2860000e+03
   3.2970000e+03
   3.3090000e+03
   3.3240000e+03
   3.3370000e+03
   3.3490000e+03
   3.3600000e+03
   3.3680000e+03
   3.3860000e+03
   3.3990000e+03
   3.4150000e+03
   3.4270000e+03
   3.4430000e+03
   3.4570000e+03
   3.4780000e+03
   3.4940000e+03
   3.5190000e+03
   3.5270000e+03
   3.5380000e+03
   3.5490000e+03
   3.5620000e+03
   3.5800000e+03
   3.7250000e+03
   3.7910000e+03
   3.8010000e+03
   3.8080000e+03
   3.8130000e+03
   3.8190000e+03
   3.8300000e+03
   3.8400000e+03
   3.8520000e+03
   3.8590000e+03
   3.8740000e+03
   3.8890000e+03
   3.9000000e+03
   3.9180000e+03
   3.9390000e+03
   3.9610000e+03
   3.9960000e+03
   4.0050000e+03
   4.0240000e+03
   4.0310000e+03
   4.0410000e+03
   4.0510000e+03
   4.0690000e+03
   4.0870000e+03
   4.1050000e+03
   4.1200000e+03
   4.1340000e+03
   4.1450000e+03
   4.1540000e+03
   4.1780000e+03
   4.2050000e+03
   4.2190000e+03
   4.2270000e+03
   4.2380000e+03
   4.2470000e+03
   4.2690000e+03
   4.2770000e+03
   4.2870000e+03
   4.3010000e+03
   4.4330000e+03
   4.4420000e+03
   4.4520000e+03
   4.4610000e+03
   4.4700000e+03
   4.4810000e+03
   4.4910000e+03
   4.5060000e+03
   4.5290000e+03
   4.5430000e+03
   4.5600000e+03
   4.5910000e+03
   4.6300000e+03
   4.6410000e+03
   4.6540000e+03
   4.6690000e+03
   4.6830000e+03
   4.7080000e+03
   4.7560000e+03
   4.7750000e+03
   4.7880000e+03
   4.8060000e+03
   4.8130000e+03
   4.8230000e+03
   4.8350000e+03
   4.8500000e+03
   4.8640000e+03
   4.8780000e+03
   4.8940000e+03
   4.9100000e+03
   4.9490000e+03
   4.9660000e+03
   5.0500000e+03
   5.0550000e+03
   5.0670000e+03
   5.0770000e+03
   5.1070000e+03
   5.1250000e+03
   5.1360000e+03
   5.1470000e+03
   5.1560000e+03
   5.1720000e+03
   5.1860000e+03
   5.1970000e+03
   5.2160000e+03
   5.2350000e+03
   5.2530000e+03
   5.2620000e+03
   5.2750000e+03
   5.3010000e+03
   5.3490000e+03
   5.6590000e+03
   5.7090000e+03
   5.7250000e+03
   5.7310000e+03
   5.7520000e+03
   5.7670000e+03
   5.7800000e+03
   5.7940000e+03
   5.8110000e+03
   5.8200000e+03
   5.8250000e+03
   5.8340000e+03
   5.8400000e+03
   5.8490000e+03
   5.8530000e+03
   5.8600000e+03
   5.8850000e+03
   5.9770000e+03
   5.9820000e+03
   5.9980000e+03
   6.0160000e+03
   6.0280000e+03
   6.0390000e+03
   6.0560000e+03
   6.0770000e+03
   6.0930000e+03
   6.1030000e+03
   6.1290000e+03
   6.1740000e+03
   6.2680000e+03
   6.2820000e+03
   6.3010000e+03
   6.3170000e+03
   6.3340000e+03
   6.3510000e+03
   6.3660000e+03
   6.3780000e+03
   6.3860000e+03
   6.3970000e+03
   6.4170000e+03
   6.4540000e+03
   6.4670000e+03
   6.4770000e+03
   6.5010000e+03
   6.6270000e+03
   6.6480000e+03
   6.6590000e+03
   6.6660000e+03
   6.6710000e+03
   6.6820000e+03
   6.6890000e+03
   6.7010000e+03
   6.7110000e+03
   6.7180000e+03
   6.7310000e+03
   6.7580000e+03
   6.7660000e+03
   6.7840000e+03
   6.7950000e+03
   6.8060000e+03
   6.8190000e+03
   6.8290000e+03
   6.8420000e+03
   6.8560000e+03
   6.8750000e+03
   6.8940000e+03
   6.9010000e+03
   6.9130000e+03
   6.9260000e+03
   6.9370000e+03
   6.9470000e+03
   6.9550000e+03
   6.9680000e+03
   6.9780000e+03
   7.0010000e+03
   7.0190000e+03
   7.0310000e+03
   7.0520000e+03
   7.0640000e+03
   7.0820000e+03
   7.1020000e+03
   7.1200000e+03
   7.1400000e+03
   7.1520000e+03
   7.1660000e+03
   7.1900000e+03
   7.2230000e+03
   7.2330000e+03
   7.2690000e+03
   7.2790000e+03
   7.2950000e+03
   7.3100000e+03
   7.3190000e+03
   7.3250000e+03
   7.3350000e+03
   7.3470000e+03
   7.3590000e+03
   7.3700000e+03
   7.3810000e+03
   7.3920000e+03
   7.4050000e+03
   7.4150000e+03
   7.4340000e+03
   7.4550000e+03
   7.4960000e+03
   7.5190000e+03
   7.5260000e+03
   7.5400000e+03
   7.5530000e+03
   7.5720000e+03
   7.5790000e+03
   7.5930000e+03
   7.6030000e+03
   7.6170000e+03
   7.6300000e+03
   7.6420000e+03
   7.6540000e+03
   7.6690000e+03
   7.6850000e+03
   7.6980000e+03
   7.7160000e+03
   7.7320000e+03
   7.7510000e+03
   7.7750000e+03
   7.9110000e+03
   7.9320000e+03
   7.9390000e+03
   7.9540000e+03
   7.9780000e+03
   8.0650000e+03
   8.0890000e+03
   8.1040000e+03
   8.1230000e+03
   8.1420000e+03
   8.1650000e+03
   8.1760000e+03
   8.1940000e+03
   8.2080000e+03
   8.2160000e+03
   8.2270000e+03
   8.2340000e+03
   8.2450000e+03
   8.2490000e+03
   8.2520000e+03
   8.2580000e+03
   8.2660000e+03
   8.2750000e+03
   8.2810000e+03
   8.2860000e+03
   8.2940000e+03
   8.3010000e+03
   8.3080000e+03
   8.3160000e+03
   8.3330000e+03
   8.3540000e+03
   8.3700000e+03
   8.3960000e+03
   8.4100000e+03
   8.4190000e+03
   8.4320000e+03
   8.4430000e+03
   8.4580000e+03
   8.4670000e+03
   8.4820000e+03
   8.4910000e+03
   8.5020000e+03
   8.5230000e+03
   8.5380000e+03
   8.5530000e+03
   8.5940000e+03
   8.6220000e+03
   8.6270000e+03
   8.6460000e+03
   8.6680000e+03
   8.6970000e+03
   8.7570000e+03
   8.7660000e+03
   8.7740000e+03
   8.7840000e+03
   8.7970000e+03
   8.8180000e+03
   8.8420000e+03
   8.8630000e+03
   9.0270000e+03
   9.0840000e+03
   9.1100000e+03
   9.1180000e+03
   9.1340000e+03
   9.1390000e+03
   9.1540000e+03
   9.1680000e+03
   9.1740000e+03
   9.1810000e+03
   9.1860000e+03
   9.1910000e+03
   9.1950000e+03
   9.2040000e+03
   9.2130000e+03
   9.2260000e+03
   9.2370000e+03
   9.2460000e+03
   9.2630000e+03
   9.4710000e+03
   9.4760000e+03
   9.4890000e+03
   9.6710000e+03
   9.6850000e+03
   9.6910000e+03
   9.7040000e+03
   9.7180000e+03
   9.7360000e+03
   9.7440000e+03
   9.7560000e+03
   9.7890000e+03
   9.8050000e+03
   9.8170000e+03
   9.8340000e+03
   9.8440000e+03
   9.8500000e+03
   9.8620000e+03
   9.8690000e+03
   9.8870000e+03
   9.8980000e+03
   9.9060000e+03
   9.9150000e+03
   9.9230000e+03
   9.9300000e+03
   9.9360000e+03
   9.9460000e+03
   9.9560000e+03
   9.9680000e+03
   9.9780000e+03
   9.9900000e+03
   1.0002000e+04
   1.0014000e+04
   1.0035000e+04
