   1.0900000e+02
   1.2600000e+02
   1.4000000e+02
   1.5000000e+02
   1.5600000e+02
   1.6200000e+02
   1.6900000e+02
   1.7300000e+02
   1.7800000e+02
   1.8200000e+02
   1.8800000e+02
   1.9700000e+02
   2.0400000e+02
   2.1300000e+02
   2.2300000e+02
   2.4100000e+02
   3.9100000e+02
   3.9500000e+02
   4.0100000e+02
   4.1700000e+02
   4.3400000e+02
   4.4100000e+02
   4.5000000e+02
   4.5800000e+02
   4.6300000e+02
   4.7300000e+02
   4.8200000e+02
   4.9800000e+02
   5.4500000e+02
   5.6400000e+02
   5.9800000e+02
   8.5600000e+02
   8.6600000e+02
   8.7900000e+02
   8.9000000e+02
   8.9800000e+02
   9.0500000e+02
   9.1000000e+02
   9.1500000e+02
   9.2000000e+02
   9.2800000e+02
   9.4000000e+02
   9.5900000e+02
   1.2070000e+03
   1.2170000e+03
   1.2320000e+03
   1.2430000e+03
   1.2520000e+03
   1.2640000e+03
   1.2780000e+03
   1.3890000e+03
   1.4140000e+03
   1.4650000e+03
   1.4800000e+03
   1.4930000e+03
   1.5690000e+03
   1.5780000e+03
   1.5910000e+03
   1.9350000e+03
   1.9490000e+03
   1.9560000e+03
   1.9660000e+03
   1.9750000e+03
   1.9830000e+03
   1.9910000e+03
   1.9960000e+03
   2.0030000e+03
   2.0110000e+03
   2.0260000e+03
   2.0350000e+03
   2.0460000e+03
   2.0700000e+03
   2.0900000e+03
   2.1040000e+03
   2.1140000e+03
   2.1270000e+03
   2.1430000e+03
   2.1530000e+03
   2.1650000e+03
   2.1820000e+03
   2.1890000e+03
   2.2000000e+03
   2.2160000e+03
   2.2310000e+03
   2.2530000e+03
   2.2680000e+03
   2.2820000e+03
   2.2910000e+03
   2.3000000e+03
   2.3070000e+03
   2.3160000e+03
   2.3270000e+03
   2.3360000e+03
   2.3500000e+03
   2.3580000e+03
   2.3730000e+03
   2.3910000e+03
   2.4200000e+03
   2.5510000e+03
   2.5610000e+03
   2.5710000e+03
   2.5940000e+03
   2.6130000e+03
   2.6270000e+03
   2.6360000e+03
   2.6410000e+03
   2.6540000e+03
   2.6680000e+03
   2.7380000e+03
   2.7490000e+03
   2.7560000e+03
   2.7700000e+03
   2.7810000e+03
   2.7960000e+03
   2.8110000e+03
   2.8560000e+03
   2.8800000e+03
   2.9690000e+03
   3.0960000e+03
   3.1000000e+03
   3.1160000e+03
   3.1250000e+03
   3.1380000e+03
   3.1530000e+03
   3.1760000e+03
   3.2180000e+03
   3.2310000e+03
   3.2400000e+03
   3.2550000e+03
   3.2650000e+03
   3.2780000e+03
   3.2950000e+03
   3.3080000e+03
   3.3200000e+03
   3.3380000e+03
   3.3490000e+03
   3.3640000e+03
   3.3720000e+03
   3.3810000e+03
   3.3950000e+03
   3.3990000e+03
   3.4120000e+03
   3.4280000e+03
   3.4470000e+03
   3.4580000e+03
   3.4850000e+03
   3.5210000e+03
   3.5250000e+03
   3.5430000e+03
   3.5530000e+03
   3.5860000e+03
   3.7210000e+03
   3.8030000e+03
   3.8070000e+03
   3.8130000e+03
   3.8200000e+03
   3.8360000e+03
   3.8440000e+03
   3.8660000e+03
   3.8820000e+03
   3.9000000e+03
   3.9150000e+03
   3.9390000e+03
   3.9700000e+03
   4.0010000e+03
   4.0090000e+03
   4.0150000e+03
   4.0260000e+03
   4.0370000e+03
   4.0480000e+03
   4.0580000e+03
   4.0690000e+03
   4.0830000e+03
   4.1060000e+03
   4.1120000e+03
   4.1300000e+03
   4.1380000e+03
   4.1510000e+03
   4.1800000e+03
   4.2100000e+03
   4.2220000e+03
   4.2300000e+03
   4.2520000e+03
   4.2690000e+03
   4.2830000e+03
   4.3250000e+03
   4.4390000e+03
   4.4470000e+03
   4.4580000e+03
   4.4650000e+03
   4.4730000e+03
   4.4830000e+03
   4.5030000e+03
   4.5180000e+03
   4.5370000e+03
   4.5490000e+03
   4.6410000e+03
   4.6500000e+03
   4.6590000e+03
   4.6690000e+03
   4.6820000e+03
   4.7080000e+03
   4.7770000e+03
   4.7900000e+03
   4.7950000e+03
   4.8030000e+03
   4.8150000e+03
   4.8240000e+03
   4.8320000e+03
   4.8450000e+03
   4.8600000e+03
   4.8740000e+03
   4.8930000e+03
   4.9530000e+03
   5.1850000e+03
   5.2180000e+03
   5.2280000e+03
   5.2400000e+03
   5.2510000e+03
   5.2710000e+03
   5.2870000e+03
   5.3200000e+03
   5.3510000e+03
   5.3740000e+03
   5.3840000e+03
   5.3920000e+03
   5.4130000e+03
   5.4250000e+03
   5.4390000e+03
   5.4480000e+03
   5.4570000e+03
   5.4650000e+03
   5.4750000e+03
   5.4860000e+03
   5.4930000e+03
   5.5030000e+03
   5.5120000e+03
   5.5160000e+03
   5.5250000e+03
   5.5310000e+03
   5.5450000e+03
   5.5640000e+03
   5.5730000e+03
   5.5990000e+03
   5.6110000e+03
   5.6310000e+03
   5.6400000e+03
   5.6550000e+03
   5.6760000e+03
   5.7090000e+03
   5.7250000e+03
   5.7340000e+03
   5.7460000e+03
   5.7520000e+03
   5.7680000e+03
   5.7840000e+03
   5.8000000e+03
   5.8340000e+03
   5.8660000e+03
   6.0320000e+03
   6.1840000e+03
   6.1960000e+03
   6.4340000e+03
   6.4440000e+03
   6.4520000e+03
   6.5050000e+03
   6.5190000e+03
   6.5440000e+03
   6.5510000e+03
   6.6090000e+03
   6.6230000e+03
   6.6600000e+03
   6.6740000e+03
   6.6850000e+03
   6.7200000e+03
   6.7440000e+03
   6.7540000e+03
   6.7660000e+03
   6.7800000e+03
   6.7850000e+03
   6.7920000e+03
   6.8030000e+03
   6.8160000e+03
   6.8400000e+03
   6.8790000e+03
   6.8870000e+03
   6.8960000e+03
   6.9090000e+03
   7.0320000e+03
   7.0560000e+03
   7.1320000e+03
   7.1520000e+03
   7.1690000e+03
   7.1820000e+03
   7.1900000e+03
   7.1940000e+03
   7.2000000e+03
   7.2070000e+03
   7.2120000e+03
   7.2170000e+03
   7.2220000e+03
   7.2250000e+03
   7.2290000e+03
   7.2330000e+03
   7.2380000e+03
   7.2470000e+03
   7.2590000e+03
   7.2740000e+03
   7.2870000e+03
   7.3030000e+03
   7.3200000e+03
   7.3380000e+03
   7.3530000e+03
   7.3640000e+03
   7.3720000e+03
   7.3810000e+03
   7.3950000e+03
   7.4120000e+03
   7.4190000e+03
   7.4320000e+03
   7.4400000e+03
   7.4520000e+03
   7.4640000e+03
   7.4800000e+03
   7.4940000e+03
   7.5170000e+03
   7.5830000e+03
   7.5950000e+03
   7.6170000e+03
   7.6460000e+03
   7.6790000e+03
   7.6930000e+03
   7.7260000e+03
   7.7400000e+03
   7.7530000e+03
   7.7700000e+03
   7.7870000e+03
   7.8020000e+03
   7.8110000e+03
   7.8260000e+03
   7.8350000e+03
   7.8540000e+03
   7.8720000e+03
   7.8880000e+03
   7.9160000e+03
   7.9340000e+03
   7.9520000e+03
   7.9630000e+03
   7.9850000e+03
   8.0020000e+03
   8.0470000e+03
   8.0880000e+03
   8.1090000e+03
   8.2260000e+03
   8.2420000e+03
   8.2540000e+03
   8.2740000e+03
   8.2830000e+03
   8.3070000e+03
   8.4370000e+03
   8.4510000e+03
   8.4650000e+03
   8.4740000e+03
   8.4840000e+03
   8.4970000e+03
   8.5030000e+03
   8.5130000e+03
   8.5310000e+03
   8.5380000e+03
   8.5480000e+03
   8.5670000e+03
   8.6550000e+03
   8.6700000e+03
   8.6900000e+03
   8.7000000e+03
   8.7130000e+03
   8.7410000e+03
   8.7610000e+03
   8.7940000e+03
   8.8090000e+03
   8.8480000e+03
   8.8800000e+03
   9.2900000e+03
   9.3130000e+03
   9.3260000e+03
   9.3350000e+03
   9.3400000e+03
   9.3520000e+03
   9.3600000e+03
   9.3690000e+03
   9.3760000e+03
   9.3850000e+03
   9.3930000e+03
   9.4040000e+03
   9.4270000e+03
   9.4400000e+03
   9.6830000e+03
   9.7310000e+03
   9.7600000e+03
   9.7730000e+03
   9.7840000e+03
   9.7920000e+03
   9.8070000e+03
   9.8240000e+03
   9.9080000e+03
   9.9160000e+03
   9.9360000e+03
   9.9540000e+03
