   8.7000000e+01
   9.9000000e+01
   1.1600000e+02
   1.2700000e+02
   1.3600000e+02
   1.4700000e+02
   1.5600000e+02
   1.6100000e+02
   1.6700000e+02
   1.7200000e+02
   1.7700000e+02
   1.8200000e+02
   1.8500000e+02
   1.9100000e+02
   1.9600000e+02
   2.0400000e+02
   2.1000000e+02
   2.1400000e+02
   2.2400000e+02
   2.3800000e+02
   3.9400000e+02
   4.0700000e+02
   4.2400000e+02
   4.3300000e+02
   4.4700000e+02
   4.5800000e+02
   4.6300000e+02
   4.7200000e+02
   4.8200000e+02
   4.9900000e+02
   5.2200000e+02
   5.3600000e+02
   5.4800000e+02
   5.5800000e+02
   5.6700000e+02
   5.9000000e+02
   7.0600000e+02
   8.6900000e+02
   8.8600000e+02
   8.8900000e+02
   8.9700000e+02
   9.0500000e+02
   9.1000000e+02
   9.1500000e+02
   9.1900000e+02
   9.2700000e+02
   9.3200000e+02
   9.4500000e+02
   9.6000000e+02
   9.7400000e+02
   1.0030000e+03
   1.1940000e+03
   1.2090000e+03
   1.2240000e+03
   1.2340000e+03
   1.2440000e+03
   1.2520000e+03
   1.2570000e+03
   1.2650000e+03
   1.2710000e+03
   1.3810000e+03
   1.4160000e+03
   1.4450000e+03
   1.4780000e+03
   1.4880000e+03
   1.5680000e+03
   1.5740000e+03
   1.5850000e+03
   1.9450000e+03
   1.9500000e+03
   1.9570000e+03
   1.9710000e+03
   1.9820000e+03
   1.9860000e+03
   1.9930000e+03
   1.9980000e+03
   2.0040000e+03
   2.0120000e+03
   2.0220000e+03
   2.0300000e+03
   2.0460000e+03
   2.0580000e+03
   2.0720000e+03
   2.0910000e+03
   2.1100000e+03
   2.1210000e+03
   2.1310000e+03
   2.1470000e+03
   2.1620000e+03
   2.1790000e+03
   2.1870000e+03
   2.2020000e+03
   2.2130000e+03
   2.2410000e+03
   2.2550000e+03
   2.2680000e+03
   2.2780000e+03
   2.2910000e+03
   2.3020000e+03
   2.3110000e+03
   2.3210000e+03
   2.3320000e+03
   2.3400000e+03
   2.3480000e+03
   2.3610000e+03
   2.3650000e+03
   2.3800000e+03
   2.3990000e+03
   2.4430000e+03
   2.5400000e+03
   2.5500000e+03
   2.5600000e+03
   2.5700000e+03
   2.5870000e+03
   2.6060000e+03
   2.6230000e+03
   2.6390000e+03
   2.6550000e+03
   2.6680000e+03
   2.6840000e+03
   2.7280000e+03
   2.7410000e+03
   2.7520000e+03
   2.7700000e+03
   2.7760000e+03
   2.7860000e+03
   2.8630000e+03
   2.8780000e+03
   2.8940000e+03
   2.9640000e+03
   3.0850000e+03
   3.0900000e+03
   3.0940000e+03
   3.1010000e+03
   3.1120000e+03
   3.1230000e+03
   3.1380000e+03
   3.1530000e+03
   3.1840000e+03
   3.2200000e+03
   3.2390000e+03
   3.2470000e+03
   3.2620000e+03
   3.2750000e+03
   3.2800000e+03
   3.2910000e+03
   3.3030000e+03
   3.3220000e+03
   3.3480000e+03
   3.3570000e+03
   3.3740000e+03
   3.3780000e+03
   3.3860000e+03
   3.3960000e+03
   3.4090000e+03
   3.4180000e+03
   3.4380000e+03
   3.4510000e+03
   3.4620000e+03
   3.5100000e+03
   3.5300000e+03
   3.5450000e+03
   3.7920000e+03
   3.8000000e+03
   3.8080000e+03
   3.8180000e+03
   3.8320000e+03
   3.8420000e+03
   3.8610000e+03
   3.8730000e+03
   3.9080000e+03
   3.9540000e+03
   4.0000000e+03
   4.0120000e+03
   4.0210000e+03
   4.0300000e+03
   4.0470000e+03
   4.0640000e+03
   4.0820000e+03
   4.0950000e+03
   4.1100000e+03
   4.1180000e+03
   4.1320000e+03
   4.1440000e+03
   4.1560000e+03
   4.1680000e+03
   4.1760000e+03
   4.2130000e+03
   4.2200000e+03
   4.2340000e+03
   4.2530000e+03
   4.2690000e+03
   4.2810000e+03
   4.2960000e+03
   4.3080000e+03
   4.4380000e+03
   4.4450000e+03
   4.4510000e+03
   4.4610000e+03
   4.4710000e+03
   4.4830000e+03
   4.4970000e+03
   4.5180000e+03
   4.5340000e+03
   4.5450000e+03
   4.5670000e+03
   4.6390000e+03
   4.6540000e+03
   4.6720000e+03
   4.6920000e+03
   4.7390000e+03
   4.7570000e+03
   4.7820000e+03
   4.7910000e+03
   4.8060000e+03
   4.8140000e+03
   4.8240000e+03
   4.8310000e+03
   4.8510000e+03
   4.8610000e+03
   4.8710000e+03
   4.8800000e+03
   4.9540000e+03
   5.3100000e+03
   5.3220000e+03
   5.3270000e+03
   5.3360000e+03
   5.3500000e+03
   5.3800000e+03
   5.4030000e+03
   5.4340000e+03
   5.4480000e+03
   5.4700000e+03
   5.5450000e+03
   5.5570000e+03
   5.5790000e+03
   5.5910000e+03
   5.5980000e+03
   5.6070000e+03
   5.6240000e+03
   5.6420000e+03
   5.6510000e+03
   5.6770000e+03
   5.6930000e+03
   5.7220000e+03
   5.7310000e+03
   5.7410000e+03
   5.8510000e+03
   5.8780000e+03
   5.8940000e+03
   6.0460000e+03
   6.0950000e+03
   6.1120000e+03
   6.1250000e+03
   6.1400000e+03
   6.1500000e+03
   6.1600000e+03
   6.1680000e+03
   6.1760000e+03
   6.1860000e+03
   6.1920000e+03
   6.2000000e+03
   6.2070000e+03
   6.2140000e+03
   6.2220000e+03
   6.2260000e+03
   6.2310000e+03
   6.2390000e+03
   6.2430000e+03
   6.2510000e+03
   6.2570000e+03
   6.2650000e+03
   6.2700000e+03
   6.2790000e+03
   6.2880000e+03
   6.2970000e+03
   6.3080000e+03
   6.3220000e+03
   6.3490000e+03
   6.3680000e+03
   6.4040000e+03
   6.4170000e+03
   6.4310000e+03
   6.6540000e+03
   6.6630000e+03
   6.6700000e+03
   6.6820000e+03
   6.6890000e+03
   6.6970000e+03
   6.7030000e+03
   6.7110000e+03
   6.7380000e+03
   6.7800000e+03
   7.0140000e+03
   7.0250000e+03
   7.0460000e+03
   7.1680000e+03
   7.1770000e+03
   7.1840000e+03
   7.1960000e+03
   7.2020000e+03
   7.2090000e+03
   7.2150000e+03
   7.2230000e+03
   7.2340000e+03
   7.2480000e+03
   7.2580000e+03
   7.2700000e+03
   7.2830000e+03
   7.2900000e+03
   7.2980000e+03
   7.3090000e+03
   7.3260000e+03
   7.3360000e+03
   7.3420000e+03
   7.3540000e+03
   7.3620000e+03
   7.3740000e+03
   7.3890000e+03
   7.4120000e+03
   7.4310000e+03
   7.4410000e+03
   7.4490000e+03
   7.4580000e+03
   7.4690000e+03
   7.4770000e+03
   7.5050000e+03
   7.5260000e+03
   7.9490000e+03
   7.9760000e+03
   7.9890000e+03
   8.0030000e+03
   8.0180000e+03
   8.0350000e+03
   8.2170000e+03
   8.2740000e+03
   8.3160000e+03
   8.3450000e+03
   8.3560000e+03
   8.3660000e+03
   8.3800000e+03
   8.3910000e+03
   8.4070000e+03
   8.4170000e+03
   8.4250000e+03
   8.4350000e+03
   8.4460000e+03
   8.5190000e+03
   8.7760000e+03
   8.7840000e+03
   8.9950000e+03
   9.0040000e+03
   9.0190000e+03
   9.0290000e+03
   9.0370000e+03
   9.0450000e+03
   9.0540000e+03
   9.0660000e+03
   9.0890000e+03
   9.1060000e+03
   9.1170000e+03
   9.1380000e+03
   9.1700000e+03
   9.1910000e+03
   9.2070000e+03
   9.2270000e+03
   9.2370000e+03
   9.2450000e+03
   9.2570000e+03
   9.2680000e+03
   9.2850000e+03
   9.3020000e+03
   9.3160000e+03
   9.3260000e+03
   9.3380000e+03
   9.3550000e+03
   9.3940000e+03
   9.4040000e+03
   9.4300000e+03
   9.7330000e+03
   9.7430000e+03
   9.7900000e+03
   9.8210000e+03
   9.8600000e+03
   9.8800000e+03
   9.9620000e+03
   9.9760000e+03
   9.9900000e+03
   1.0015000e+04
