   1.4500000e+02
   1.5600000e+02
   1.6100000e+02
   1.7100000e+02
   1.7600000e+02
   1.8300000e+02
   1.9000000e+02
   1.9700000e+02
   2.0200000e+02
   2.1300000e+02
   2.3100000e+02
   4.0600000e+02
   4.1500000e+02
   4.2800000e+02
   4.3900000e+02
   4.5000000e+02
   4.5500000e+02
   4.6300000e+02
   4.7600000e+02
   4.9800000e+02
   5.1700000e+02
   5.3900000e+02
   5.5000000e+02
   5.5800000e+02
   6.0000000e+02
   7.0100000e+02
   7.2800000e+02
   8.7600000e+02
   8.8900000e+02
   8.9700000e+02
   9.0400000e+02
   9.0900000e+02
   9.1400000e+02
   9.1700000e+02
   9.2300000e+02
   9.3400000e+02
   9.4100000e+02
   9.5200000e+02
   9.6800000e+02
   9.8800000e+02
   1.2220000e+03
   1.2390000e+03
   1.2430000e+03
   1.2510000e+03
   1.2570000e+03
   1.2660000e+03
   1.2880000e+03
   1.3640000e+03
   1.3820000e+03
   1.4300000e+03
   1.4540000e+03
   1.4950000e+03
   1.5730000e+03
   1.5820000e+03
   1.5960000e+03
   1.9440000e+03
   1.9540000e+03
   1.9590000e+03
   1.9740000e+03
   1.9840000e+03
   1.9910000e+03
   1.9950000e+03
   2.0070000e+03
   2.0190000e+03
   2.0250000e+03
   2.0310000e+03
   2.0430000e+03
   2.0590000e+03
   2.0690000e+03
   2.0790000e+03
   2.0950000e+03
   2.1040000e+03
   2.1110000e+03
   2.1170000e+03
   2.1260000e+03
   2.1330000e+03
   2.1500000e+03
   2.1780000e+03
   2.1830000e+03
   2.1950000e+03
   2.2150000e+03
   2.2390000e+03
   2.2590000e+03
   2.2730000e+03
   2.2840000e+03
   2.2930000e+03
   2.3060000e+03
   2.3130000e+03
   2.3250000e+03
   2.3330000e+03
   2.3440000e+03
   2.3530000e+03
   2.3630000e+03
   2.3720000e+03
   2.3990000e+03
   2.4270000e+03
   2.4440000e+03
   2.5490000e+03
   2.5550000e+03
   2.5670000e+03
   2.5960000e+03
   2.6230000e+03
   2.6390000e+03
   2.6470000e+03
   2.6630000e+03
   2.6910000e+03
   2.7310000e+03
   2.7480000e+03
   2.7560000e+03
   2.7760000e+03
   2.7900000e+03
   2.8120000e+03
   2.8520000e+03
   2.8630000e+03
   2.8800000e+03
   3.0930000e+03
   3.1050000e+03
   3.1130000e+03
   3.1210000e+03
   3.1360000e+03
   3.1490000e+03
   3.1550000e+03
   3.1650000e+03
   3.1940000e+03
   3.2070000e+03
   3.2240000e+03
   3.2350000e+03
   3.2490000e+03
   3.2630000e+03
   3.2760000e+03
   3.2800000e+03
   3.2970000e+03
   3.3120000e+03
   3.3340000e+03
   3.3430000e+03
   3.3580000e+03
   3.3650000e+03
   3.3840000e+03
   3.3980000e+03
   3.4120000e+03
   3.4240000e+03
   3.4450000e+03
   3.4510000e+03
   3.4780000e+03
   3.5250000e+03
   3.5310000e+03
   3.5400000e+03
   3.5580000e+03
   3.8030000e+03
   3.8130000e+03
   3.8210000e+03
   3.8270000e+03
   3.8360000e+03
   3.8460000e+03
   3.8570000e+03
   3.8730000e+03
   3.8890000e+03
   3.9150000e+03
   3.9460000e+03
   3.9910000e+03
   4.0100000e+03
   4.0180000e+03
   4.0250000e+03
   4.0520000e+03
   4.0670000e+03
   4.0750000e+03
   4.0860000e+03
   4.1100000e+03
   4.1190000e+03
   4.1310000e+03
   4.1440000e+03
   4.1570000e+03
   4.1760000e+03
   4.2140000e+03
   4.2240000e+03
   4.2410000e+03
   4.2590000e+03
   4.2750000e+03
   4.2840000e+03
   4.2900000e+03
   4.3030000e+03
   4.4430000e+03
   4.4530000e+03
   4.4620000e+03
   4.4700000e+03
   4.4800000e+03
   4.5220000e+03
   4.5480000e+03
   4.5630000e+03
   4.6140000e+03
   4.6330000e+03
   4.6540000e+03
   4.6630000e+03
   4.6710000e+03
   4.6850000e+03
   4.7140000e+03
   4.7730000e+03
   4.7900000e+03
   4.8030000e+03
   4.8140000e+03
   4.8210000e+03
   4.8350000e+03
   4.8440000e+03
   4.8620000e+03
   4.9000000e+03
   4.9590000e+03
   5.5420000e+03
   5.5730000e+03
   5.6000000e+03
   5.6070000e+03
   5.6170000e+03
   5.6680000e+03
   5.6860000e+03
   5.8820000e+03
   5.9080000e+03
   6.6240000e+03
   6.6430000e+03
   6.6760000e+03
   6.7000000e+03
   6.7190000e+03
   6.7360000e+03
   6.7590000e+03
   6.7810000e+03
   6.7910000e+03
   6.8060000e+03
   6.8110000e+03
   6.8230000e+03
   6.8350000e+03
   6.8450000e+03
   6.8500000e+03
   6.8610000e+03
   6.8660000e+03
   6.8770000e+03
   6.8830000e+03
   6.8920000e+03
   6.8970000e+03
   6.9010000e+03
   6.9130000e+03
   6.9210000e+03
   6.9290000e+03
   6.9380000e+03
   6.9450000e+03
   6.9560000e+03
   6.9650000e+03
   6.9730000e+03
   6.9850000e+03
   6.9980000e+03
   7.0070000e+03
   7.0230000e+03
   7.0310000e+03
   7.0410000e+03
   7.0510000e+03
   7.0620000e+03
   7.0750000e+03
   7.0880000e+03
   7.1030000e+03
   7.1310000e+03
   7.1590000e+03
   7.1720000e+03
   7.2150000e+03
   7.2520000e+03
   7.2730000e+03
   7.4520000e+03
   7.4650000e+03
   7.4870000e+03
   7.5070000e+03
   7.5320000e+03
   7.5470000e+03
   7.5660000e+03
   7.5870000e+03
   7.5980000e+03
   7.6140000e+03
   7.6300000e+03
   7.6460000e+03
   7.6790000e+03
   7.6890000e+03
   7.7180000e+03
   7.7250000e+03
   7.7400000e+03
   7.7570000e+03
   7.7680000e+03
   7.7810000e+03
   7.7870000e+03
   7.7990000e+03
   7.8030000e+03
   7.8100000e+03
   7.8160000e+03
   7.8200000e+03
   7.8310000e+03
   7.8380000e+03
   7.8480000e+03
   7.8570000e+03
   7.8710000e+03
   7.8830000e+03
   7.8980000e+03
   7.9110000e+03
   7.9210000e+03
   7.9440000e+03
   7.9830000e+03
   7.9890000e+03
   8.0100000e+03
   8.0230000e+03
   8.1160000e+03
   8.2290000e+03
   8.2690000e+03
   8.2930000e+03
   8.3060000e+03
   8.3340000e+03
   8.3530000e+03
   8.3720000e+03
   8.3900000e+03
   8.4080000e+03
   8.4220000e+03
   8.4380000e+03
   8.4590000e+03
   8.4780000e+03
   8.4850000e+03
   8.5060000e+03
   8.5270000e+03
   8.5450000e+03
   8.5600000e+03
   8.8290000e+03
   8.8400000e+03
   8.8660000e+03
   8.8890000e+03
   8.9000000e+03
   8.9110000e+03
   8.9360000e+03
   9.5310000e+03
   9.5470000e+03
   9.6240000e+03
   9.6600000e+03
   9.6670000e+03
   9.6800000e+03
   9.6900000e+03
   9.7060000e+03
   9.7120000e+03
   9.7250000e+03
   9.7310000e+03
   9.7390000e+03
   9.7430000e+03
   9.7500000e+03
   9.7590000e+03
   9.7700000e+03
   9.7810000e+03
   9.7850000e+03
   9.7930000e+03
   9.7990000e+03
   9.8090000e+03
   9.8160000e+03
   9.8290000e+03
   9.8470000e+03
   9.8880000e+03
   9.8990000e+03
   9.9190000e+03
   9.9270000e+03
   9.9380000e+03
   9.9490000e+03
   9.9730000e+03
   9.9910000e+03
