   8.0000000e+01
   9.0000000e+01
   1.0900000e+02
   1.2200000e+02
   1.3500000e+02
   1.3900000e+02
   1.4700000e+02
   1.5100000e+02
   1.6400000e+02
   1.6800000e+02
   1.7400000e+02
   1.7900000e+02
   1.8400000e+02
   1.9400000e+02
   2.0400000e+02
   2.1200000e+02
   2.2400000e+02
   2.4100000e+02
   2.6300000e+02
   3.8500000e+02
   3.9600000e+02
   4.0900000e+02
   4.2500000e+02
   4.3600000e+02
   4.4400000e+02
   4.5200000e+02
   4.5800000e+02
   4.6600000e+02
   4.8200000e+02
   4.9400000e+02
   5.1700000e+02
   5.3200000e+02
   5.4400000e+02
   5.5000000e+02
   5.6800000e+02
   5.7800000e+02
   6.1300000e+02
   6.8700000e+02
   6.9800000e+02
   7.1200000e+02
   8.5200000e+02
   8.5900000e+02
   8.7100000e+02
   8.8600000e+02
   8.9200000e+02
   8.9700000e+02
   9.0100000e+02
   9.0700000e+02
   9.1100000e+02
   9.1900000e+02
   9.2400000e+02
   9.3100000e+02
   9.3300000e+02
   9.4600000e+02
   9.6200000e+02
   9.7700000e+02
   1.1550000e+03
   1.1790000e+03
   1.1960000e+03
   1.2010000e+03
   1.2120000e+03
   1.2200000e+03
   1.2350000e+03
   1.2470000e+03
   1.2540000e+03
   1.2620000e+03
   1.2690000e+03
   1.2770000e+03
   1.2870000e+03
   1.3610000e+03
   1.3820000e+03
   1.4000000e+03
   1.4200000e+03
   1.4340000e+03
   1.4530000e+03
   1.4770000e+03
   1.5010000e+03
   1.5620000e+03
   1.5690000e+03
   1.5780000e+03
   1.5850000e+03
   1.6540000e+03
   1.6720000e+03
   1.8150000e+03
   1.8220000e+03
   1.9120000e+03
   1.9290000e+03
   1.9440000e+03
   1.9540000e+03
   1.9580000e+03
   1.9630000e+03
   1.9760000e+03
   1.9820000e+03
   1.9860000e+03
   1.9920000e+03
   1.9960000e+03
   2.0010000e+03
   2.0040000e+03
   2.0150000e+03
   2.0260000e+03
   2.0310000e+03
   2.0410000e+03
   2.0510000e+03
   2.0730000e+03
   2.0870000e+03
   2.0960000e+03
   2.1030000e+03
   2.1180000e+03
   2.1250000e+03
   2.1340000e+03
   2.1480000e+03
   2.1620000e+03
   2.1810000e+03
   2.1950000e+03
   2.2050000e+03
   2.2180000e+03
   2.2320000e+03
   2.2450000e+03
   2.2640000e+03
   2.2740000e+03
   2.2890000e+03
   2.2970000e+03
   2.3070000e+03
   2.3200000e+03
   2.3270000e+03
   2.3430000e+03
   2.3560000e+03
   2.3660000e+03
   2.3730000e+03
   2.3970000e+03
   2.4110000e+03
   2.4290000e+03
   2.4510000e+03
   2.5030000e+03
   2.5470000e+03
   2.5530000e+03
   2.5580000e+03
   2.5710000e+03
   2.5830000e+03
   2.6000000e+03
   2.6170000e+03
   2.6330000e+03
   2.6440000e+03
   2.6510000e+03
   2.6670000e+03
   2.6840000e+03
   2.7080000e+03
   2.7370000e+03
   2.7520000e+03
   2.7600000e+03
   2.7750000e+03
   2.7850000e+03
   2.8070000e+03
   2.8430000e+03
   2.8640000e+03
   2.8850000e+03
   2.8970000e+03
   2.9480000e+03
   2.9570000e+03
   2.9710000e+03
   3.0660000e+03
   3.0730000e+03
   3.0810000e+03
   3.0930000e+03
   3.1060000e+03
   3.1120000e+03
   3.1200000e+03
   3.1290000e+03
   3.1460000e+03
   3.1570000e+03
   3.1830000e+03
   3.1990000e+03
   3.2160000e+03
   3.2270000e+03
   3.2410000e+03
   3.2540000e+03
   3.2680000e+03
   3.2760000e+03
   3.2910000e+03
   3.2990000e+03
   3.3130000e+03
   3.3300000e+03
   3.3440000e+03
   3.3550000e+03
   3.3660000e+03
   3.3840000e+03
   3.3920000e+03
   3.4030000e+03
   3.4190000e+03
   3.4330000e+03
   3.4480000e+03
   3.4610000e+03
   3.4900000e+03
   3.5290000e+03
   3.5370000e+03
   3.5530000e+03
   3.5870000e+03
   3.6800000e+03
   3.7250000e+03
   3.7850000e+03
   3.7950000e+03
   3.8030000e+03
   3.8090000e+03
   3.8160000e+03
   3.8240000e+03
   3.8320000e+03
   3.8430000e+03
   3.8520000e+03
   3.8620000e+03
   3.8770000e+03
   3.9040000e+03
   3.9330000e+03
   3.9530000e+03
   3.9720000e+03
   4.0100000e+03
   4.0120000e+03
   4.0290000e+03
   4.0370000e+03
   4.0460000e+03
   4.0620000e+03
   4.0740000e+03
   4.0920000e+03
   4.1130000e+03
   4.1190000e+03
   4.1370000e+03
   4.1470000e+03
   4.1550000e+03
   4.1730000e+03
   4.1890000e+03
   4.2050000e+03
   4.2210000e+03
   4.2330000e+03
   4.2440000e+03
   4.2590000e+03
   4.2740000e+03
   4.2830000e+03
   4.2900000e+03
   4.3210000e+03
   4.4290000e+03
   4.4390000e+03
   4.4470000e+03
   4.4540000e+03
   4.4600000e+03
   4.4710000e+03
   4.4810000e+03
   4.4930000e+03
   4.5060000e+03
   4.5280000e+03
   4.5390000e+03
   4.5570000e+03
   4.5970000e+03
   4.6310000e+03
   4.6430000e+03
   4.6620000e+03
   4.6690000e+03
   4.6830000e+03
   4.7060000e+03
   4.7240000e+03
   4.7600000e+03
   4.7790000e+03
   4.7890000e+03
   4.8030000e+03
   4.8090000e+03
   4.8200000e+03
   4.8290000e+03
   4.8400000e+03
   4.8640000e+03
   4.8780000e+03
   4.8960000e+03
   4.9470000e+03
   4.9610000e+03
   5.0620000e+03
   5.0790000e+03
   5.1010000e+03
   5.1240000e+03
   5.1300000e+03
   5.1400000e+03
   5.1430000e+03
   5.1470000e+03
   5.1600000e+03
   5.1710000e+03
   5.1840000e+03
   5.1980000e+03
   5.2230000e+03
   5.2360000e+03
   5.2450000e+03
   5.2540000e+03
   5.2650000e+03
   5.2850000e+03
   5.2960000e+03
   5.3130000e+03
   5.3300000e+03
   5.3400000e+03
   5.3540000e+03
   5.3740000e+03
   5.3860000e+03
   5.4040000e+03
   5.4170000e+03
   5.4360000e+03
   5.4520000e+03
   5.4700000e+03
   5.4820000e+03
   5.4910000e+03
   5.5050000e+03
   5.5190000e+03
   5.5340000e+03
   5.5420000e+03
   5.5580000e+03
   5.5700000e+03
   5.5900000e+03
   5.6300000e+03
   5.6710000e+03
   5.6850000e+03
   5.7080000e+03
   5.7240000e+03
   5.7350000e+03
   5.7460000e+03
   5.7590000e+03
   5.7780000e+03
   5.7930000e+03
   5.8020000e+03
   5.8140000e+03
   5.8320000e+03
   5.8460000e+03
   5.8610000e+03
   5.8690000e+03
   5.8790000e+03
   5.8870000e+03
   5.9030000e+03
   5.9100000e+03
   5.9210000e+03
   5.9370000e+03
   5.9520000e+03
   5.9600000e+03
   5.9730000e+03
   5.9910000e+03
   6.0070000e+03
   6.0260000e+03
   6.0420000e+03
   6.0660000e+03
   6.0810000e+03
   6.1010000e+03
   6.1170000e+03
   6.1310000e+03
   6.1460000e+03
   6.1600000e+03
   6.1740000e+03
   6.1830000e+03
   6.1930000e+03
   6.2050000e+03
   6.2190000e+03
   6.2400000e+03
   6.2680000e+03
   6.2870000e+03
   6.3570000e+03
   6.3950000e+03
   6.4190000e+03
   6.4390000e+03
   6.4470000e+03
   6.4580000e+03
   6.4700000e+03
   6.4900000e+03
   6.5090000e+03
   6.5210000e+03
   6.5410000e+03
   6.5580000e+03
   6.5720000e+03
   6.5810000e+03
   6.5940000e+03
   6.6130000e+03
   6.6210000e+03
   6.6300000e+03
   6.6460000e+03
   6.6560000e+03
   6.6690000e+03
   6.6880000e+03
   6.7070000e+03
   6.7250000e+03
   6.7510000e+03
   6.7640000e+03
   6.7820000e+03
   6.8000000e+03
   6.8160000e+03
   6.8300000e+03
   6.8550000e+03
   6.8780000e+03
   6.8890000e+03
   6.9070000e+03
   6.9210000e+03
   6.9340000e+03
   6.9430000e+03
   6.9540000e+03
   6.9620000e+03
   6.9690000e+03
   6.9790000e+03
   6.9920000e+03
   7.0080000e+03
   7.0180000e+03
   7.0300000e+03
   7.0480000e+03
   7.0840000e+03
   7.1050000e+03
   7.1210000e+03
   7.1330000e+03
   7.1410000e+03
   7.1580000e+03
   7.1660000e+03
   7.1780000e+03
   7.1990000e+03
   7.2140000e+03
   7.2240000e+03
   7.2360000e+03
   7.2380000e+03
   7.2520000e+03
   7.2650000e+03
   7.2830000e+03
   7.2890000e+03
   7.3040000e+03
   7.3140000e+03
   7.3270000e+03
   7.3450000e+03
   7.3680000e+03
   7.3770000e+03
   7.3900000e+03
   7.4030000e+03
   7.4220000e+03
   7.4550000e+03
   7.4820000e+03
   7.5030000e+03
   7.5730000e+03
   7.5810000e+03
   7.5920000e+03
   7.6020000e+03
   7.6160000e+03
   7.6300000e+03
   7.6430000e+03
   7.6560000e+03
   7.6740000e+03
   7.7080000e+03
   7.7280000e+03
   7.7420000e+03
   7.7620000e+03
   7.7850000e+03
   7.7940000e+03
   7.8100000e+03
   7.8230000e+03
   7.8340000e+03
   7.8480000e+03
   7.8700000e+03
   7.8810000e+03
   7.8940000e+03
   7.9090000e+03
   7.9180000e+03
   7.9380000e+03
   7.9580000e+03
   7.9790000e+03
   7.9970000e+03
   8.0080000e+03
   8.0240000e+03
   8.0360000e+03
   8.0550000e+03
   8.0840000e+03
   8.1100000e+03
   8.1230000e+03
   8.1340000e+03
   8.1440000e+03
   8.1520000e+03
   8.1640000e+03
   8.1740000e+03
   8.1970000e+03
   8.2420000e+03
   8.2590000e+03
   8.2730000e+03
   8.2840000e+03
   8.2950000e+03
   8.3100000e+03
   8.3230000e+03
   8.3370000e+03
   8.3500000e+03
   8.3670000e+03
   8.3820000e+03
   8.3930000e+03
   8.4560000e+03
   8.4840000e+03
   8.4950000e+03
   8.5100000e+03
   8.5190000e+03
   8.5330000e+03
   8.5410000e+03
   8.5520000e+03
   8.5610000e+03
   8.5710000e+03
   8.5730000e+03
   8.5820000e+03
   8.5930000e+03
   8.6030000e+03
   8.6170000e+03
   8.6300000e+03
   8.6500000e+03
   8.6660000e+03
   8.6790000e+03
   8.6970000e+03
   8.7190000e+03
   8.7350000e+03
   8.7570000e+03
   8.7790000e+03
   8.8030000e+03
   8.8200000e+03
   8.8430000e+03
   8.8670000e+03
   8.8870000e+03
   8.9050000e+03
   8.9160000e+03
   8.9350000e+03
   9.0260000e+03
   9.0470000e+03
   9.0770000e+03
   9.1110000e+03
   9.1260000e+03
   9.1400000e+03
   9.1460000e+03
   9.1560000e+03
   9.1650000e+03
   9.1920000e+03
   9.2260000e+03
   9.2410000e+03
   9.2590000e+03
   9.2800000e+03
   9.3020000e+03
   9.3660000e+03
   9.3840000e+03
   9.3960000e+03
   9.4090000e+03
   9.4190000e+03
   9.4320000e+03
   9.4400000e+03
   9.4510000e+03
   9.4600000e+03
   9.4690000e+03
   9.4780000e+03
   9.4950000e+03
   9.5120000e+03
   9.5260000e+03
   9.5350000e+03
   9.5520000e+03
   9.5700000e+03
   9.5890000e+03
   9.6050000e+03
   9.6190000e+03
   9.6340000e+03
   9.6510000e+03
   9.6680000e+03
   9.6820000e+03
   9.6960000e+03
   9.7040000e+03
   9.7230000e+03
   9.9540000e+03
   9.9740000e+03
   1.0001000e+04
   1.0014000e+04
   1.0031000e+04
