   9.0000000e+01
   1.1000000e+02
   1.2300000e+02
   1.3500000e+02
   1.4000000e+02
   1.4800000e+02
   1.5200000e+02
   1.6500000e+02
   1.6900000e+02
   1.7400000e+02
   1.7600000e+02
   1.8000000e+02
   1.8500000e+02
   1.9500000e+02
   2.0400000e+02
   2.1300000e+02
   2.2500000e+02
   3.9700000e+02
   4.0900000e+02
   4.2600000e+02
   4.2700000e+02
   4.3600000e+02
   4.4400000e+02
   4.5300000e+02
   4.5900000e+02
   4.6600000e+02
   4.9500000e+02
   5.3200000e+02
   5.4500000e+02
   5.5100000e+02
   5.7900000e+02
   7.1300000e+02
   8.6000000e+02
   8.7200000e+02
   8.8700000e+02
   8.9200000e+02
   8.9800000e+02
   9.0200000e+02
   9.0700000e+02
   9.1200000e+02
   9.2000000e+02
   9.2500000e+02
   9.2600000e+02
   9.3200000e+02
   9.4600000e+02
   9.6300000e+02
   9.7800000e+02
   1.1810000e+03
   1.1960000e+03
   1.2010000e+03
   1.2130000e+03
   1.2210000e+03
   1.2360000e+03
   1.2470000e+03
   1.2540000e+03
   1.2630000e+03
   1.2700000e+03
   1.2780000e+03
   1.2880000e+03
   1.4000000e+03
   1.4200000e+03
   1.4340000e+03
   1.4540000e+03
   1.5700000e+03
   1.5790000e+03
   1.5850000e+03
   1.6720000e+03
   1.8220000e+03
   1.9290000e+03
   1.9440000e+03
   1.9550000e+03
   1.9590000e+03
   1.9640000e+03
   1.9770000e+03
   1.9820000e+03
   1.9870000e+03
   1.9930000e+03
   1.9970000e+03
   2.0010000e+03
   2.0050000e+03
   2.0150000e+03
   2.0260000e+03
   2.0310000e+03
   2.0420000e+03
   2.0520000e+03
   2.0740000e+03
   2.0880000e+03
   2.0970000e+03
   2.1040000e+03
   2.1190000e+03
   2.1260000e+03
   2.1350000e+03
   2.1490000e+03
   2.1630000e+03
   2.1810000e+03
   2.1960000e+03
   2.2050000e+03
   2.2190000e+03
   2.2330000e+03
   2.2460000e+03
   2.2640000e+03
   2.2750000e+03
   2.2900000e+03
   2.2980000e+03
   2.3080000e+03
   2.3210000e+03
   2.3280000e+03
   2.3440000e+03
   2.3570000e+03
   2.3660000e+03
   2.3740000e+03
   2.4120000e+03
   2.5540000e+03
   2.5590000e+03
   2.5710000e+03
   2.5840000e+03
   2.6010000e+03
   2.6180000e+03
   2.6340000e+03
   2.6450000e+03
   2.6510000e+03
   2.6680000e+03
   2.6840000e+03
   2.7530000e+03
   2.7610000e+03
   2.7760000e+03
   2.7860000e+03
   2.8650000e+03
   2.8850000e+03
   2.8990000e+03
   2.9580000e+03
   2.9720000e+03
   3.0730000e+03
   3.0820000e+03
   3.0940000e+03
   3.1060000e+03
   3.1130000e+03
   3.1210000e+03
   3.1220000e+03
   3.1290000e+03
   3.1460000e+03
   3.1580000e+03
   3.2000000e+03
   3.2160000e+03
   3.2280000e+03
   3.2550000e+03
   3.2690000e+03
   3.2770000e+03
   3.2920000e+03
   3.3000000e+03
   3.3140000e+03
   3.3310000e+03
   3.3450000e+03
   3.3560000e+03
   3.3930000e+03
   3.4040000e+03
   3.4200000e+03
   3.4330000e+03
   3.4490000e+03
   3.4620000e+03
   3.5380000e+03
   3.5530000e+03
   3.7960000e+03
   3.8030000e+03
   3.8100000e+03
   3.8160000e+03
   3.8250000e+03
   3.8320000e+03
   3.8440000e+03
   3.8530000e+03
   3.8620000e+03
   3.8780000e+03
   3.9730000e+03
   4.0130000e+03
   4.0300000e+03
   4.0370000e+03
   4.0460000e+03
   4.0630000e+03
   4.0740000e+03
   4.0930000e+03
   4.1200000e+03
   4.1470000e+03
   4.1560000e+03
   4.1900000e+03
   4.2050000e+03
   4.2210000e+03
   4.2340000e+03
   4.2450000e+03
   4.2600000e+03
   4.2750000e+03
   4.2840000e+03
   4.2900000e+03
   4.4400000e+03
   4.4480000e+03
   4.4540000e+03
   4.4600000e+03
   4.4720000e+03
   4.4810000e+03
   4.4940000e+03
   4.5070000e+03
   4.5400000e+03
   4.5580000e+03
   4.6440000e+03
   4.6700000e+03
   4.6840000e+03
   4.7070000e+03
   4.7250000e+03
   4.7800000e+03
   4.7900000e+03
   4.8030000e+03
   4.8100000e+03
   4.8210000e+03
   4.8290000e+03
   4.8410000e+03
   4.8790000e+03
   4.8970000e+03
   4.9620000e+03
   5.1010000e+03
   5.1310000e+03
   5.1410000e+03
   5.1430000e+03
   5.1480000e+03
   5.1610000e+03
   5.1720000e+03
   5.1850000e+03
   5.1990000e+03
   5.2240000e+03
   5.2370000e+03
   5.2460000e+03
   5.2540000e+03
   5.2650000e+03
   5.2850000e+03
   5.2970000e+03
   5.3310000e+03
   5.3410000e+03
   5.3550000e+03
   5.3750000e+03
   5.3870000e+03
   5.4040000e+03
   5.4180000e+03
   5.4530000e+03
   5.4710000e+03
   5.4830000e+03
   5.4920000e+03
   5.5060000e+03
   5.5200000e+03
   5.5350000e+03
   5.5430000e+03
   5.5710000e+03
   5.7240000e+03
   5.7360000e+03
   5.7460000e+03
   5.7600000e+03
   5.7940000e+03
   5.8030000e+03
   5.8140000e+03
   5.8460000e+03
   5.8610000e+03
   5.8700000e+03
   5.8800000e+03
   5.8870000e+03
   5.9110000e+03
   5.9220000e+03
   5.9370000e+03
   5.9530000e+03
   5.9610000e+03
   5.9910000e+03
   6.0420000e+03
   6.0820000e+03
   6.1170000e+03
   6.1310000e+03
   6.1460000e+03
   6.1470000e+03
   6.1600000e+03
   6.1750000e+03
   6.1830000e+03
   6.1940000e+03
   6.2060000e+03
   6.2200000e+03
   6.4210000e+03
   6.4400000e+03
   6.4470000e+03
   6.4590000e+03
   6.4710000e+03
   6.5090000e+03
   6.5220000e+03
   6.5590000e+03
   6.5730000e+03
   6.5820000e+03
   6.5940000e+03
   6.6230000e+03
   6.6310000e+03
   6.6460000e+03
   6.6570000e+03
   6.6690000e+03
   6.6880000e+03
   6.7650000e+03
   6.8170000e+03
   6.8310000e+03
   6.8900000e+03
   6.9220000e+03
   6.9350000e+03
   6.9440000e+03
   6.9550000e+03
   6.9630000e+03
   6.9700000e+03
   6.9800000e+03
   6.9930000e+03
   7.0090000e+03
   7.0200000e+03
   7.0300000e+03
   7.0490000e+03
   7.1220000e+03
   7.1340000e+03
   7.1420000e+03
   7.1590000e+03
   7.1660000e+03
   7.1790000e+03
   7.2140000e+03
   7.2240000e+03
   7.2370000e+03
   7.2380000e+03
   7.2660000e+03
   7.2840000e+03
   7.2890000e+03
   7.3050000e+03
   7.3140000e+03
   7.3280000e+03
   7.3450000e+03
   7.3770000e+03
   7.3900000e+03
   7.4040000e+03
   7.4560000e+03
   7.5820000e+03
   7.5930000e+03
   7.6030000e+03
   7.6170000e+03
   7.6310000e+03
   7.6440000e+03
   7.6570000e+03
   7.6740000e+03
   7.7420000e+03
   7.7940000e+03
   7.8100000e+03
   7.8240000e+03
   7.8340000e+03
   7.8490000e+03
   7.8820000e+03
   7.8950000e+03
   7.9100000e+03
   7.9180000e+03
   7.9200000e+03
   7.9980000e+03
   8.0080000e+03
   8.0250000e+03
   8.0380000e+03
   8.1240000e+03
   8.1350000e+03
   8.1450000e+03
   8.1530000e+03
   8.1650000e+03
   8.1750000e+03
   8.2590000e+03
   8.2740000e+03
   8.2850000e+03
   8.2960000e+03
   8.3110000e+03
   8.3230000e+03
   8.3370000e+03
   8.3510000e+03
   8.3680000e+03
   8.3830000e+03
   8.3940000e+03
   8.4960000e+03
   8.5110000e+03
   8.5200000e+03
   8.5340000e+03
   8.5420000e+03
   8.5520000e+03
   8.5610000e+03
   8.5710000e+03
   8.5830000e+03
   8.5940000e+03
   8.6040000e+03
   8.6180000e+03
   8.6310000e+03
   8.6510000e+03
   8.6660000e+03
   8.6800000e+03
   8.7350000e+03
   8.8210000e+03
   8.9070000e+03
   8.9160000e+03
   9.1270000e+03
   9.1400000e+03
   9.1470000e+03
   9.1570000e+03
   9.1660000e+03
   9.2420000e+03
   9.2600000e+03
   9.3970000e+03
   9.4100000e+03
   9.4200000e+03
   9.4320000e+03
   9.4410000e+03
   9.4520000e+03
   9.4600000e+03
   9.4700000e+03
   9.4790000e+03
   9.5130000e+03
   9.5270000e+03
   9.5360000e+03
   9.5530000e+03
   9.6060000e+03
   9.6200000e+03
   9.6340000e+03
   9.6520000e+03
   9.6680000e+03
   9.6820000e+03
   9.6970000e+03
   9.7050000e+03
   9.9560000e+03
   9.9750000e+03
   1.0014000e+04
   1.0032000e+04
