   1.1900000e+02
   1.3800000e+02
   1.4800000e+02
   1.5500000e+02
   1.6100000e+02
   1.6600000e+02
   1.6800000e+02
   1.7000000e+02
   1.7500000e+02
   1.7900000e+02
   1.8400000e+02
   1.9100000e+02
   1.9700000e+02
   2.0100000e+02
   2.0900000e+02
   2.1600000e+02
   2.2500000e+02
   2.3700000e+02
   2.5400000e+02
   3.9500000e+02
   4.0000000e+02
   4.1200000e+02
   4.2500000e+02
   4.4900000e+02
   4.5600000e+02
   4.6700000e+02
   4.7800000e+02
   5.1200000e+02
   5.2600000e+02
   5.4000000e+02
   5.6000000e+02
   5.7200000e+02
   7.0800000e+02
   8.7100000e+02
   8.8100000e+02
   8.9900000e+02
   9.0300000e+02
   9.0700000e+02
   9.2000000e+02
   9.2500000e+02
   9.3300000e+02
   9.4300000e+02
   9.5500000e+02
   1.2100000e+03
   1.2390000e+03
   1.2490000e+03
   1.2540000e+03
   1.2620000e+03
   1.2690000e+03
   1.3020000e+03
   1.3920000e+03
   1.4160000e+03
   1.4430000e+03
   1.4580000e+03
   1.4940000e+03
   1.5110000e+03
   1.5810000e+03
   1.5880000e+03
   1.9540000e+03
   1.9590000e+03
   1.9700000e+03
   1.9830000e+03
   1.9890000e+03
   1.9950000e+03
   1.9970000e+03
   2.0020000e+03
   2.0080000e+03
   2.0200000e+03
   2.0290000e+03
   2.0350000e+03
   2.0470000e+03
   2.0610000e+03
   2.0770000e+03
   2.0960000e+03
   2.1040000e+03
   2.1140000e+03
   2.1290000e+03
   2.1630000e+03
   2.1720000e+03
   2.1900000e+03
   2.2040000e+03
   2.2130000e+03
   2.2550000e+03
   2.2630000e+03
   2.2750000e+03
   2.2990000e+03
   2.3240000e+03
   2.3370000e+03
   2.3550000e+03
   2.3610000e+03
   2.3930000e+03
   2.4420000e+03
   2.5540000e+03
   2.5710000e+03
   2.6330000e+03
   2.6440000e+03
   2.6520000e+03
   2.6630000e+03
   2.6800000e+03
   2.7540000e+03
   2.7650000e+03
   2.7750000e+03
   2.7920000e+03
   2.8060000e+03
   2.8210000e+03
   2.8420000e+03
   2.8710000e+03
   2.8790000e+03
   3.0880000e+03
   3.0950000e+03
   3.0990000e+03
   3.1080000e+03
   3.1150000e+03
   3.1280000e+03
   3.1380000e+03
   3.1540000e+03
   3.1750000e+03
   3.1930000e+03
   3.2070000e+03
   3.2210000e+03
   3.2360000e+03
   3.2500000e+03
   3.2630000e+03
   3.2740000e+03
   3.2880000e+03
   3.3190000e+03
   3.3340000e+03
   3.3530000e+03
   3.3630000e+03
   3.3770000e+03
   3.3880000e+03
   3.4180000e+03
   3.4340000e+03
   3.4460000e+03
   3.4560000e+03
   3.4920000e+03
   3.5120000e+03
   3.5260000e+03
   3.5370000e+03
   3.8040000e+03
   3.8090000e+03
   3.8160000e+03
   3.8230000e+03
   3.8330000e+03
   3.8450000e+03
   3.9500000e+03
   3.9660000e+03
   4.0050000e+03
   4.0160000e+03
   4.0240000e+03
   4.0320000e+03
   4.0500000e+03
   4.0700000e+03
   4.0950000e+03
   4.1040000e+03
   4.1180000e+03
   4.1350000e+03
   4.1500000e+03
   4.1620000e+03
   4.2250000e+03
   4.2340000e+03
   4.2430000e+03
   4.2570000e+03
   4.2690000e+03
   4.2830000e+03
   4.2940000e+03
   4.3120000e+03
   4.4510000e+03
   4.4610000e+03
   4.4690000e+03
   4.4790000e+03
   4.4920000e+03
   4.5020000e+03
   4.5310000e+03
   4.5530000e+03
   4.5680000e+03
   4.6640000e+03
   4.6790000e+03
   4.6880000e+03
   4.7960000e+03
   4.8070000e+03
   4.8140000e+03
   4.8250000e+03
   4.8300000e+03
   4.8420000e+03
   4.8670000e+03
   4.8910000e+03
   4.9070000e+03
   4.9290000e+03
   5.4290000e+03
   5.4600000e+03
   5.5230000e+03
   5.5370000e+03
   5.5500000e+03
   5.5640000e+03
   5.5720000e+03
   5.5800000e+03
   5.6650000e+03
   6.1820000e+03
   6.2070000e+03
   6.2300000e+03
   6.2430000e+03
   6.2680000e+03
   6.7970000e+03
   6.8110000e+03
   7.1620000e+03
   7.1800000e+03
   7.1910000e+03
   7.2010000e+03
   7.2490000e+03
   7.2560000e+03
   7.2680000e+03
   7.2760000e+03
   7.2870000e+03
   7.2940000e+03
   7.3020000e+03
   7.3110000e+03
   7.3240000e+03
   7.3340000e+03
   7.3470000e+03
   7.3680000e+03
   7.3900000e+03
   7.4100000e+03
   7.4270000e+03
   7.5580000e+03
   7.6430000e+03
   7.6770000e+03
   7.6950000e+03
   7.7480000e+03
   7.7610000e+03
   7.7680000e+03
   7.7740000e+03
   7.7780000e+03
   7.7900000e+03
   7.7990000e+03
   7.8040000e+03
   7.8100000e+03
   7.8200000e+03
   7.8300000e+03
   7.8520000e+03
   7.9470000e+03
   7.9630000e+03
   7.9740000e+03
   8.0360000e+03
   8.0590000e+03
   8.0680000e+03
   8.0970000e+03
   8.1180000e+03
   8.1330000e+03
   8.1620000e+03
   8.1700000e+03
   8.1840000e+03
   8.2070000e+03
   8.2140000e+03
   8.2280000e+03
   8.2360000e+03
   8.2460000e+03
   8.2550000e+03
   8.2650000e+03
   8.2690000e+03
   8.2810000e+03
   8.2930000e+03
   8.3700000e+03
   8.3870000e+03
   8.5800000e+03
   8.5920000e+03
   8.6100000e+03
   8.6270000e+03
   8.9400000e+03
   9.0520000e+03
   9.0930000e+03
   9.1030000e+03
   9.1110000e+03
   9.1200000e+03
   9.1280000e+03
   9.1380000e+03
   9.1700000e+03
   9.1990000e+03
   9.2590000e+03
   9.2670000e+03
   9.2810000e+03
   9.3210000e+03
   9.3340000e+03
   9.3580000e+03
   9.3720000e+03
   9.3960000e+03
   9.4110000e+03
   9.4220000e+03
   9.4330000e+03
   9.4420000e+03
   9.5100000e+03
   9.5260000e+03
   9.6350000e+03
   9.6440000e+03
   9.6620000e+03
   1.0039000e+04
