   1.4400000e+02
   1.5400000e+02
   1.6500000e+02
   1.7100000e+02
   1.8100000e+02
   1.8700000e+02
   1.9800000e+02
   2.0800000e+02
   2.1700000e+02
   2.2900000e+02
   2.5500000e+02
   3.9800000e+02
   4.0800000e+02
   4.3200000e+02
   4.4300000e+02
   4.4900000e+02
   4.5900000e+02
   4.6900000e+02
   4.8400000e+02
   5.0800000e+02
   5.3500000e+02
   5.8000000e+02
   8.6800000e+02
   8.9300000e+02
   9.0000000e+02
   9.0500000e+02
   9.1100000e+02
   9.1800000e+02
   9.2300000e+02
   9.3500000e+02
   9.5100000e+02
   9.7000000e+02
   9.9100000e+02
   1.2390000e+03
   1.2480000e+03
   1.2550000e+03
   1.2600000e+03
   1.2650000e+03
   1.2760000e+03
   1.3850000e+03
   1.4510000e+03
   1.4820000e+03
   1.4960000e+03
   1.5700000e+03
   1.5790000e+03
   1.9580000e+03
   1.9630000e+03
   1.9740000e+03
   1.9830000e+03
   1.9880000e+03
   1.9930000e+03
   2.0010000e+03
   2.0080000e+03
   2.0160000e+03
   2.0250000e+03
   2.0320000e+03
   2.0470000e+03
   2.0620000e+03
   2.0670000e+03
   2.0870000e+03
   2.1060000e+03
   2.1090000e+03
   2.1210000e+03
   2.1310000e+03
   2.1430000e+03
   2.1480000e+03
   2.1650000e+03
   2.1820000e+03
   2.1860000e+03
   2.2030000e+03
   2.2160000e+03
   2.2420000e+03
   2.2600000e+03
   2.2710000e+03
   2.2830000e+03
   2.2890000e+03
   2.3020000e+03
   2.3090000e+03
   2.3150000e+03
   2.3270000e+03
   2.3360000e+03
   2.3500000e+03
   2.3640000e+03
   2.3700000e+03
   2.3820000e+03
   2.4030000e+03
   2.4180000e+03
   2.4310000e+03
   2.5490000e+03
   2.5540000e+03
   2.5760000e+03
   2.5970000e+03
   2.6100000e+03
   2.6220000e+03
   2.6370000e+03
   2.6450000e+03
   2.6750000e+03
   2.7180000e+03
   2.7460000e+03
   2.7580000e+03
   2.7740000e+03
   2.7900000e+03
   2.8190000e+03
   2.8660000e+03
   2.8860000e+03
   3.0860000e+03
   3.0970000e+03
   3.1140000e+03
   3.1320000e+03
   3.1510000e+03
   3.1820000e+03
   3.2140000e+03
   3.2260000e+03
   3.2470000e+03
   3.2620000e+03
   3.2720000e+03
   3.2860000e+03
   3.2950000e+03
   3.3080000e+03
   3.3200000e+03
   3.3390000e+03
   3.3580000e+03
   3.3780000e+03
   3.3910000e+03
   3.3990000e+03
   3.4100000e+03
   3.4340000e+03
   3.4470000e+03
   3.4650000e+03
   3.5220000e+03
   3.5290000e+03
   3.5430000e+03
   3.5630000e+03
   3.8050000e+03
   3.8110000e+03
   3.8210000e+03
   3.8360000e+03
   3.8480000e+03
   3.8620000e+03
   3.8810000e+03
   3.9070000e+03
   3.9350000e+03
   3.9620000e+03
   4.0010000e+03
   4.0170000e+03
   4.0230000e+03
   4.0350000e+03
   4.0560000e+03
   4.1040000e+03
   4.1160000e+03
   4.1350000e+03
   4.1460000e+03
   4.1620000e+03
   4.2150000e+03
   4.2270000e+03
   4.2390000e+03
   4.2560000e+03
   4.2730000e+03
   4.2840000e+03
   4.2960000e+03
   4.3310000e+03
   4.4520000e+03
   4.4610000e+03
   4.4890000e+03
   4.5010000e+03
   4.5090000e+03
   4.5520000e+03
   4.6360000e+03
   4.6520000e+03
   4.6650000e+03
   4.6860000e+03
   4.8020000e+03
   4.8120000e+03
   4.8220000e+03
   4.8330000e+03
   4.8450000e+03
   4.8580000e+03
   4.8700000e+03
   4.9160000e+03
   4.9590000e+03
   5.0560000e+03
   5.0680000e+03
   5.0750000e+03
   5.0900000e+03
   5.0980000e+03
   5.1050000e+03
   5.1180000e+03
   5.1250000e+03
   5.1380000e+03
   5.1460000e+03
   5.1530000e+03
   5.1650000e+03
   5.1780000e+03
   5.1900000e+03
   5.1950000e+03
   5.2120000e+03
   5.2230000e+03
   5.2330000e+03
   5.2480000e+03
   5.2610000e+03
   5.2760000e+03
   5.2870000e+03
   5.3230000e+03
   5.3410000e+03
   5.3500000e+03
   5.3630000e+03
   5.3840000e+03
   5.3950000e+03
   5.4410000e+03
   5.4500000e+03
   5.4650000e+03
   5.4810000e+03
   5.5040000e+03
   5.5430000e+03
   5.5590000e+03
   5.5760000e+03
   5.5880000e+03
   5.6230000e+03
   5.6660000e+03
   5.7050000e+03
   5.7280000e+03
   5.7450000e+03
   5.9040000e+03
   5.9240000e+03
   5.9950000e+03
   6.0100000e+03
   6.0460000e+03
   6.1110000e+03
   6.1800000e+03
   6.3200000e+03
   6.3320000e+03
   6.3690000e+03
   6.3800000e+03
   6.3840000e+03
   6.4000000e+03
   6.4110000e+03
   6.4190000e+03
   6.4300000e+03
   6.4420000e+03
   6.4490000e+03
   6.4590000e+03
   6.4650000e+03
   6.4760000e+03
   6.4840000e+03
   6.5030000e+03
   6.6090000e+03
   6.8710000e+03
   7.5230000e+03
   7.5360000e+03
   7.5490000e+03
   7.5600000e+03
   7.5820000e+03
   7.6100000e+03
   7.6230000e+03
   7.6410000e+03
   7.6510000e+03
   7.7440000e+03
   7.8480000e+03
   7.8570000e+03
   8.0210000e+03
   8.0400000e+03
   8.0580000e+03
   8.1680000e+03
   8.1920000e+03
   8.2030000e+03
   8.2130000e+03
   8.2300000e+03
   8.2380000e+03
   8.2440000e+03
   8.2500000e+03
   8.2540000e+03
   8.2600000e+03
   8.2680000e+03
   8.2750000e+03
   8.2870000e+03
   8.3000000e+03
   8.3140000e+03
   8.3280000e+03
   8.3390000e+03
   8.3480000e+03
   8.3590000e+03
   8.3800000e+03
   8.3980000e+03
   8.4180000e+03
   8.4500000e+03
   8.5080000e+03
   8.5290000e+03
   8.5420000e+03
   8.5480000e+03
   8.5630000e+03
   8.5760000e+03
   8.5810000e+03
   8.5940000e+03
   8.6030000e+03
   8.6300000e+03
   8.6440000e+03
   8.6630000e+03
   8.6760000e+03
   8.7350000e+03
   8.7510000e+03
   8.7610000e+03
   8.7760000e+03
   8.7950000e+03
   8.8130000e+03
   8.8200000e+03
   9.0040000e+03
   9.0620000e+03
   9.1030000e+03
   9.3060000e+03
   9.3240000e+03
   9.3360000e+03
   9.3490000e+03
   9.3600000e+03
   9.3720000e+03
   9.3850000e+03
   9.3940000e+03
   9.4100000e+03
   9.4190000e+03
   9.4340000e+03
   9.4450000e+03
   9.4550000e+03
   9.4590000e+03
   9.4730000e+03
   9.4790000e+03
   9.4880000e+03
   9.4980000e+03
   9.5160000e+03
   9.5330000e+03
   9.5440000e+03
   9.5560000e+03
   9.5690000e+03
   9.5860000e+03
   9.5950000e+03
   9.6050000e+03
   9.6150000e+03
   9.6290000e+03
   9.6390000e+03
   9.6460000e+03
   9.6570000e+03
   9.6670000e+03
   9.6770000e+03
   9.6970000e+03
   9.7090000e+03
   9.7260000e+03
   9.7430000e+03
   9.7550000e+03
   9.7770000e+03
   9.7870000e+03
   9.8040000e+03
   9.8260000e+03
   9.8750000e+03
   9.8950000e+03
   9.9400000e+03
   9.9620000e+03
   9.9770000e+03
