   1.3600000e+02
   1.4800000e+02
   1.6300000e+02
   1.7000000e+02
   1.7800000e+02
   1.8400000e+02
   1.9100000e+02
   1.9700000e+02
   2.0600000e+02
   2.1600000e+02
   2.2800000e+02
   3.9100000e+02
   3.9600000e+02
   4.0800000e+02
   4.1700000e+02
   4.3300000e+02
   4.4300000e+02
   4.5400000e+02
   4.5900000e+02
   4.6600000e+02
   4.7500000e+02
   4.9200000e+02
   5.2000000e+02
   5.3400000e+02
   5.4800000e+02
   5.5800000e+02
   5.7200000e+02
   7.0500000e+02
   8.6500000e+02
   8.7600000e+02
   8.8600000e+02
   8.9700000e+02
   9.0800000e+02
   9.1200000e+02
   9.1600000e+02
   9.2100000e+02
   9.3300000e+02
   9.3900000e+02
   9.5300000e+02
   9.7000000e+02
   1.1880000e+03
   1.2030000e+03
   1.2270000e+03
   1.2380000e+03
   1.2440000e+03
   1.2560000e+03
   1.2650000e+03
   1.2740000e+03
   1.2840000e+03
   1.3870000e+03
   1.4060000e+03
   1.4280000e+03
   1.4400000e+03
   1.4520000e+03
   1.4710000e+03
   1.4840000e+03
   1.4960000e+03
   1.5680000e+03
   1.5760000e+03
   1.5870000e+03
   1.9090000e+03
   1.9420000e+03
   1.9560000e+03
   1.9650000e+03
   1.9730000e+03
   1.9850000e+03
   1.9900000e+03
   1.9960000e+03
   2.0000000e+03
   2.0060000e+03
   2.0130000e+03
   2.0190000e+03
   2.0290000e+03
   2.0400000e+03
   2.0590000e+03
   2.0740000e+03
   2.0960000e+03
   2.1040000e+03
   2.1100000e+03
   2.1240000e+03
   2.1330000e+03
   2.1420000e+03
   2.1580000e+03
   2.1770000e+03
   2.1810000e+03
   2.1890000e+03
   2.1960000e+03
   2.2050000e+03
   2.2140000e+03
   2.2260000e+03
   2.2350000e+03
   2.2610000e+03
   2.2740000e+03
   2.2840000e+03
   2.3010000e+03
   2.3140000e+03
   2.3200000e+03
   2.3330000e+03
   2.3430000e+03
   2.3610000e+03
   2.3690000e+03
   2.3830000e+03
   2.4000000e+03
   2.4270000e+03
   2.4470000e+03
   2.5510000e+03
   2.5570000e+03
   2.5650000e+03
   2.5730000e+03
   2.6010000e+03
   2.6160000e+03
   2.6260000e+03
   2.6460000e+03
   2.6560000e+03
   2.6740000e+03
   2.7410000e+03
   2.7530000e+03
   2.7640000e+03
   2.7780000e+03
   2.7890000e+03
   2.8080000e+03
   2.8510000e+03
   2.8690000e+03
   2.8780000e+03
   3.0850000e+03
   3.0890000e+03
   3.1020000e+03
   3.1160000e+03
   3.1310000e+03
   3.1460000e+03
   3.1620000e+03
   3.1720000e+03
   3.1950000e+03
   3.2180000e+03
   3.2290000e+03
   3.2450000e+03
   3.2670000e+03
   3.2740000e+03
   3.2790000e+03
   3.2940000e+03
   3.3030000e+03
   3.3150000e+03
   3.3350000e+03
   3.3450000e+03
   3.3570000e+03
   3.3690000e+03
   3.3770000e+03
   3.3950000e+03
   3.4120000e+03
   3.4190000e+03
   3.4390000e+03
   3.4550000e+03
   3.4950000e+03
   3.5240000e+03
   3.5420000e+03
   3.5520000e+03
   3.7980000e+03
   3.8040000e+03
   3.8100000e+03
   3.8160000e+03
   3.8200000e+03
   3.8290000e+03
   3.8370000e+03
   3.8480000e+03
   3.8630000e+03
   3.8810000e+03
   3.9270000e+03
   3.9720000e+03
   3.9990000e+03
   4.0150000e+03
   4.0260000e+03
   4.0320000e+03
   4.0420000e+03
   4.0650000e+03
   4.0780000e+03
   4.0910000e+03
   4.1100000e+03
   4.1250000e+03
   4.1350000e+03
   4.1410000e+03
   4.1580000e+03
   4.1730000e+03
   4.2180000e+03
   4.2310000e+03
   4.2470000e+03
   4.2580000e+03
   4.2690000e+03
   4.2820000e+03
   4.3020000e+03
   4.4420000e+03
   4.4520000e+03
   4.4610000e+03
   4.4740000e+03
   4.4940000e+03
   4.5110000e+03
   4.5320000e+03
   4.5520000e+03
   4.6320000e+03
   4.6480000e+03
   4.6640000e+03
   4.6710000e+03
   4.6900000e+03
   4.7150000e+03
   4.7550000e+03
   4.7710000e+03
   4.7890000e+03
   4.8030000e+03
   4.8110000e+03
   4.8200000e+03
   4.8290000e+03
   4.8430000e+03
   4.8500000e+03
   4.8720000e+03
   4.8850000e+03
   4.9610000e+03
   5.0480000e+03
   5.0550000e+03
   5.0690000e+03
   5.0790000e+03
   5.0930000e+03
   5.1060000e+03
   5.1130000e+03
   5.1220000e+03
   5.1340000e+03
   5.1580000e+03
   5.1680000e+03
   5.1840000e+03
   5.1950000e+03
   5.2270000e+03
   5.2600000e+03
   5.3310000e+03
   5.3530000e+03
   5.3750000e+03
   5.3870000e+03
   5.4120000e+03
   5.4280000e+03
   5.4660000e+03
   5.4760000e+03
   5.4840000e+03
   5.5520000e+03
   5.5610000e+03
   5.5790000e+03
   5.6380000e+03
   5.6560000e+03
   5.6710000e+03
   5.6860000e+03
   5.7180000e+03
   5.7420000e+03
   5.7690000e+03
   5.7810000e+03
   5.7970000e+03
   5.8040000e+03
   5.8260000e+03
   5.9040000e+03
   5.9130000e+03
   5.9250000e+03
   5.9410000e+03
   5.9590000e+03
   5.9700000e+03
   5.9770000e+03
   5.9900000e+03
   6.0170000e+03
   6.0700000e+03
   6.0830000e+03
   6.0940000e+03
   6.1020000e+03
   6.3610000e+03
   6.3720000e+03
   6.4370000e+03
   6.5770000e+03
   6.5870000e+03
   6.5980000e+03
   6.6060000e+03
   6.6180000e+03
   6.6300000e+03
   6.6700000e+03
   6.6870000e+03
   6.6970000e+03
   6.7050000e+03
   6.7440000e+03
   6.7860000e+03
   6.7950000e+03
   6.8110000e+03
   6.8330000e+03
   6.8500000e+03
   6.8610000e+03
   6.8740000e+03
   6.8970000e+03
   6.9050000e+03
   6.9100000e+03
   6.9280000e+03
   6.9380000e+03
   6.9590000e+03
   6.9750000e+03
   6.9910000e+03
   7.0140000e+03
   7.0280000e+03
   7.0410000e+03
   7.0490000e+03
   7.0600000e+03
   7.0710000e+03
   7.0760000e+03
   7.0890000e+03
   7.0960000e+03
   7.1010000e+03
   7.1080000e+03
   7.1150000e+03
   7.1210000e+03
   7.1300000e+03
   7.1360000e+03
   7.1430000e+03
   7.1510000e+03
   7.1620000e+03
   7.1710000e+03
   7.1810000e+03
   7.1940000e+03
   7.2080000e+03
   7.2160000e+03
   7.2350000e+03
   7.2460000e+03
   7.2690000e+03
   7.2800000e+03
   7.2970000e+03
   7.3580000e+03
   7.3680000e+03
   7.3770000e+03
   7.4040000e+03
   7.4220000e+03
   7.4390000e+03
   7.4460000e+03
   7.4600000e+03
   7.4840000e+03
   7.4950000e+03
   7.5060000e+03
   7.5160000e+03
   7.5240000e+03
   7.5410000e+03
   7.5520000e+03
   7.5820000e+03
   7.6020000e+03
   7.6080000e+03
   7.6340000e+03
   7.6580000e+03
   7.6810000e+03
   7.7000000e+03
   7.7190000e+03
   7.7400000e+03
   7.7490000e+03
   7.7580000e+03
   7.7870000e+03
   7.9210000e+03
   7.9270000e+03
   7.9340000e+03
   8.1030000e+03
   8.3040000e+03
   8.3110000e+03
   8.3190000e+03
   8.3330000e+03
   8.3410000e+03
   8.3460000e+03
   8.3540000e+03
   8.3630000e+03
   8.3880000e+03
   8.4100000e+03
   8.4230000e+03
   8.4320000e+03
   8.4400000e+03
   8.4490000e+03
   8.4570000e+03
   8.4780000e+03
   8.4870000e+03
   8.5040000e+03
   8.5240000e+03
   8.5370000e+03
   8.5480000e+03
   8.5600000e+03
   8.5700000e+03
   8.5820000e+03
   8.5870000e+03
   8.6000000e+03
   8.6080000e+03
   8.6160000e+03
   8.6340000e+03
   8.6460000e+03
   8.6640000e+03
   8.6860000e+03
   8.7350000e+03
   8.7640000e+03
   8.8970000e+03
   8.9410000e+03
   9.0750000e+03
   9.0860000e+03
   9.0930000e+03
   9.1000000e+03
   9.1110000e+03
   9.1240000e+03
   9.1340000e+03
   9.1570000e+03
   9.1700000e+03
   9.1810000e+03
   9.1910000e+03
   9.1990000e+03
   9.2160000e+03
   9.2380000e+03
   9.2620000e+03
   9.2700000e+03
   9.2790000e+03
   9.2980000e+03
   9.3150000e+03
   9.3290000e+03
   9.3420000e+03
   9.3600000e+03
   9.3670000e+03
   9.3840000e+03
   9.3920000e+03
   9.4100000e+03
   9.4650000e+03
   9.5110000e+03
   9.5170000e+03
   9.5330000e+03
   9.6000000e+03
   9.6280000e+03
   9.6620000e+03
   9.6820000e+03
   9.6920000e+03
   9.7100000e+03
   9.7260000e+03
   9.7440000e+03
   9.7680000e+03
   9.8230000e+03
   9.8480000e+03
   9.8620000e+03
   9.8730000e+03
   9.8830000e+03
   9.8950000e+03
   9.9000000e+03
   9.9200000e+03
   9.9320000e+03
   9.9470000e+03
   9.9840000e+03
   1.0012000e+04
   1.0029000e+04
