   1.5300000e+02
   1.5800000e+02
   1.6600000e+02
   1.7000000e+02
   1.8500000e+02
   1.8800000e+02
   1.9400000e+02
   2.0200000e+02
   2.1600000e+02
   2.3100000e+02
   3.9700000e+02
   4.0500000e+02
   4.1500000e+02
   4.3400000e+02
   4.4400000e+02
   4.5000000e+02
   4.5900000e+02
   4.6600000e+02
   4.7800000e+02
   4.9300000e+02
   5.0700000e+02
   5.3100000e+02
   5.5000000e+02
   5.7500000e+02
   7.1100000e+02
   8.8900000e+02
   8.9700000e+02
   9.0200000e+02
   9.0700000e+02
   9.1700000e+02
   9.2100000e+02
   9.2600000e+02
   9.5000000e+02
   9.7200000e+02
   1.2130000e+03
   1.2460000e+03
   1.2500000e+03
   1.2610000e+03
   1.2660000e+03
   1.2780000e+03
   1.2950000e+03
   1.4190000e+03
   1.4440000e+03
   1.4670000e+03
   1.4980000e+03
   1.5720000e+03
   1.5840000e+03
   1.9480000e+03
   1.9540000e+03
   1.9630000e+03
   1.9760000e+03
   1.9840000e+03
   1.9880000e+03
   1.9970000e+03
   2.0010000e+03
   2.0060000e+03
   2.0180000e+03
   2.0290000e+03
   2.0370000e+03
   2.0720000e+03
   2.0930000e+03
   2.1030000e+03
   2.1100000e+03
   2.1190000e+03
   2.1290000e+03
   2.1480000e+03
   2.1600000e+03
   2.1730000e+03
   2.1830000e+03
   2.1880000e+03
   2.2060000e+03
   2.2120000e+03
   2.2230000e+03
   2.2430000e+03
   2.2700000e+03
   2.2790000e+03
   2.3000000e+03
   2.3120000e+03
   2.3250000e+03
   2.3340000e+03
   2.3410000e+03
   2.3540000e+03
   2.3600000e+03
   2.3910000e+03
   2.4270000e+03
   2.5490000e+03
   2.5580000e+03
   2.5650000e+03
   2.5670000e+03
   2.6230000e+03
   2.6350000e+03
   2.6410000e+03
   2.6640000e+03
   2.6820000e+03
   2.7460000e+03
   2.7600000e+03
   2.7720000e+03
   2.7840000e+03
   2.8780000e+03
   3.0920000e+03
   3.1000000e+03
   3.1060000e+03
   3.1180000e+03
   3.1280000e+03
   3.1410000e+03
   3.1570000e+03
   3.1680000e+03
   3.2040000e+03
   3.2200000e+03
   3.2290000e+03
   3.2400000e+03
   3.2570000e+03
   3.2700000e+03
   3.2780000e+03
   3.2810000e+03
   3.2830000e+03
   3.2960000e+03
   3.3060000e+03
   3.3390000e+03
   3.3560000e+03
   3.3640000e+03
   3.3770000e+03
   3.3900000e+03
   3.4040000e+03
   3.4190000e+03
   3.4450000e+03
   3.4660000e+03
   3.4910000e+03
   3.5070000e+03
   3.5270000e+03
   3.5370000e+03
   3.5550000e+03
   3.8080000e+03
   3.8140000e+03
   3.8230000e+03
   3.8360000e+03
   3.8500000e+03
   3.8580000e+03
   3.8820000e+03
   3.8970000e+03
   3.9390000e+03
   3.9540000e+03
   4.0050000e+03
   4.0140000e+03
   4.0240000e+03
   4.0340000e+03
   4.0490000e+03
   4.0640000e+03
   4.0790000e+03
   4.0990000e+03
   4.1110000e+03
   4.1230000e+03
   4.1340000e+03
   4.1440000e+03
   4.1510000e+03
   4.1680000e+03
   4.2140000e+03
   4.2220000e+03
   4.2350000e+03
   4.2550000e+03
   4.2660000e+03
   4.2890000e+03
   4.2980000e+03
   4.3230000e+03
   4.4440000e+03
   4.4510000e+03
   4.4610000e+03
   4.4720000e+03
   4.4850000e+03
   4.4990000e+03
   4.5450000e+03
   4.6460000e+03
   4.6570000e+03
   4.6660000e+03
   4.6790000e+03
   4.6940000e+03
   4.7140000e+03
   4.7870000e+03
   4.7950000e+03
   4.8090000e+03
   4.8220000e+03
   4.8330000e+03
   4.8420000e+03
   4.8620000e+03
   4.8760000e+03
   5.1230000e+03
   5.2090000e+03
   5.3450000e+03
   5.3600000e+03
   5.5180000e+03
   5.5480000e+03
   5.5600000e+03
   5.5730000e+03
   5.5940000e+03
   5.6030000e+03
   5.6110000e+03
   5.6210000e+03
   5.6290000e+03
   5.9860000e+03
   6.0230000e+03
   6.0350000e+03
   6.0440000e+03
   6.0540000e+03
   6.0900000e+03
   6.1020000e+03
   6.1230000e+03
   6.1370000e+03
   6.1520000e+03
   6.1720000e+03
   6.1790000e+03
   6.1880000e+03
   6.2010000e+03
   6.2130000e+03
   6.2190000e+03
   6.2360000e+03
   6.2500000e+03
   6.2800000e+03
   6.3340000e+03
   6.3520000e+03
   6.3710000e+03
   6.3850000e+03
   6.4170000e+03
   6.4320000e+03
   6.4490000e+03
   6.5080000e+03
   6.5240000e+03
   6.5340000e+03
   6.5520000e+03
   6.5600000e+03
   6.5740000e+03
   6.5860000e+03
   6.5910000e+03
   6.6090000e+03
   6.6310000e+03
   6.6430000e+03
   6.6530000e+03
   6.6800000e+03
   6.6940000e+03
   6.7190000e+03
   6.7420000e+03
   6.7540000e+03
   6.7700000e+03
   6.7900000e+03
   6.7980000e+03
   6.8140000e+03
   6.8280000e+03
   6.8390000e+03
   6.8560000e+03
   6.8640000e+03
   6.8810000e+03
   6.9860000e+03
   6.9980000e+03
   7.2950000e+03
   7.3110000e+03
   7.3220000e+03
   7.7720000e+03
   7.7850000e+03
   7.7950000e+03
   7.8130000e+03
   7.8230000e+03
   7.8310000e+03
   7.8440000e+03
   7.8520000e+03
   7.8620000e+03
   7.8770000e+03
   7.8900000e+03
   7.8970000e+03
   7.9050000e+03
   7.9070000e+03
   7.9230000e+03
   7.9320000e+03
   7.9400000e+03
   7.9590000e+03
   7.9700000e+03
   7.9810000e+03
   8.0320000e+03
   8.0450000e+03
   8.0660000e+03
   8.1450000e+03
   8.4530000e+03
   8.4650000e+03
   8.5490000e+03
   8.5650000e+03
   8.5850000e+03
   8.5950000e+03
   8.6080000e+03
   8.6270000e+03
   8.7970000e+03
   8.8200000e+03
   8.8380000e+03
   8.8490000e+03
   8.8640000e+03
   8.8680000e+03
   8.8800000e+03
   8.8940000e+03
   8.9140000e+03
   8.9240000e+03
   8.9410000e+03
   8.9620000e+03
   8.9850000e+03
   9.0020000e+03
   9.0120000e+03
   9.0210000e+03
   9.0390000e+03
   9.0640000e+03
   9.0930000e+03
   9.1150000e+03
   9.1260000e+03
   9.1440000e+03
   9.1570000e+03
   9.1680000e+03
   9.1790000e+03
   9.1900000e+03
   9.1960000e+03
   9.2100000e+03
   9.2170000e+03
   9.2390000e+03
   9.2680000e+03
   9.2870000e+03
   9.3150000e+03
   9.3230000e+03
   9.4490000e+03
   9.4590000e+03
   9.4740000e+03
   9.4880000e+03
   9.5010000e+03
   9.5480000e+03
   9.5620000e+03
   9.5800000e+03
   9.5900000e+03
   9.5970000e+03
   9.6490000e+03
   9.6570000e+03
   9.9020000e+03
   9.9170000e+03
   9.9450000e+03
   9.9970000e+03
   1.0022000e+04
