   1.3500000e+02
   1.5300000e+02
   1.5600000e+02
   1.6000000e+02
   1.6600000e+02
   1.7300000e+02
   1.7900000e+02
   1.8200000e+02
   1.9100000e+02
   2.0100000e+02
   2.0700000e+02
   2.1400000e+02
   2.3100000e+02
   2.6700000e+02
   3.9500000e+02
   4.0500000e+02
   4.1800000e+02
   4.3100000e+02
   4.4400000e+02
   4.5700000e+02
   4.6800000e+02
   4.8500000e+02
   5.0400000e+02
   5.2600000e+02
   5.5100000e+02
   5.6400000e+02
   5.9800000e+02
   8.7700000e+02
   8.9400000e+02
   9.0000000e+02
   9.0800000e+02
   9.1300000e+02
   9.1700000e+02
   9.2400000e+02
   9.3000000e+02
   9.4600000e+02
   9.5300000e+02
   9.7000000e+02
   1.2220000e+03
   1.2390000e+03
   1.2500000e+03
   1.2570000e+03
   1.2620000e+03
   1.2790000e+03
   1.3990000e+03
   1.4240000e+03
   1.9480000e+03
   1.9540000e+03
   1.9600000e+03
   1.9780000e+03
   1.9900000e+03
   1.9930000e+03
   2.0000000e+03
   2.0080000e+03
   2.0230000e+03
   2.0350000e+03
   2.0460000e+03
   2.0690000e+03
   2.0890000e+03
   2.1050000e+03
   2.1130000e+03
   2.1250000e+03
   2.1380000e+03
   2.1700000e+03
   2.1830000e+03
   2.1940000e+03
   2.2010000e+03
   2.2220000e+03
   2.2400000e+03
   2.2580000e+03
   2.2740000e+03
   2.2850000e+03
   2.3020000e+03
   2.3070000e+03
   2.3170000e+03
   2.3280000e+03
   2.3360000e+03
   2.3460000e+03
   2.3580000e+03
   2.3650000e+03
   2.3870000e+03
   2.4060000e+03
   2.4250000e+03
   2.5560000e+03
   2.5600000e+03
   2.5770000e+03
   2.5980000e+03
   2.6450000e+03
   2.6590000e+03
   2.6760000e+03
   2.7440000e+03
   2.7520000e+03
   2.7620000e+03
   2.7750000e+03
   2.7960000e+03
   2.8120000e+03
   2.8600000e+03
   2.8790000e+03
   3.0820000e+03
   3.0890000e+03
   3.0990000e+03
   3.1140000e+03
   3.1260000e+03
   3.1350000e+03
   3.1540000e+03
   3.1850000e+03
   3.2150000e+03
   3.2220000e+03
   3.2320000e+03
   3.2550000e+03
   3.2670000e+03
   3.2750000e+03
   3.2930000e+03
   3.2980000e+03
   3.3210000e+03
   3.3400000e+03
   3.3580000e+03
   3.3650000e+03
   3.3770000e+03
   3.3810000e+03
   3.3970000e+03
   3.4150000e+03
   3.4260000e+03
   3.4460000e+03
   3.4570000e+03
   3.4820000e+03
   3.5170000e+03
   3.5390000e+03
   3.5500000e+03
   3.5900000e+03
   3.8010000e+03
   3.8090000e+03
   3.8180000e+03
   3.8230000e+03
   3.8360000e+03
   3.8520000e+03
   3.8680000e+03
   3.9960000e+03
   4.0030000e+03
   4.0170000e+03
   4.0280000e+03
   4.0400000e+03
   4.0540000e+03
   4.1060000e+03
   4.1190000e+03
   4.1320000e+03
   4.1460000e+03
   4.1660000e+03
   4.2110000e+03
   4.2220000e+03
   4.2350000e+03
   4.2520000e+03
   4.2730000e+03
   4.2860000e+03
   4.3000000e+03
   4.4390000e+03
   4.4470000e+03
   4.4680000e+03
   4.4800000e+03
   4.4950000e+03
   4.5180000e+03
   4.5550000e+03
   4.6330000e+03
   4.6470000e+03
   4.6550000e+03
   4.6670000e+03
   4.6810000e+03
   4.7340000e+03
   4.7840000e+03
   4.7900000e+03
   4.8050000e+03
   4.8120000e+03
   4.8220000e+03
   4.8320000e+03
   4.8430000e+03
   4.8560000e+03
   4.8710000e+03
   4.8810000e+03
   4.8910000e+03
   4.9650000e+03
   5.0770000e+03
   5.1140000e+03
   5.6460000e+03
   5.6510000e+03
   5.6750000e+03
   5.6830000e+03
   5.6910000e+03
   5.7040000e+03
   5.7080000e+03
   5.7150000e+03
   5.7220000e+03
   5.7260000e+03
   5.7390000e+03
   5.7540000e+03
   5.7660000e+03
   5.7740000e+03
   5.7850000e+03
   5.7950000e+03
   5.8200000e+03
   6.0720000e+03
   6.0850000e+03
   6.1150000e+03
   6.3480000e+03
   6.3550000e+03
   6.3630000e+03
   6.3780000e+03
   6.3880000e+03
   6.4040000e+03
   6.4150000e+03
   6.4430000e+03
   6.4600000e+03
   6.5010000e+03
   6.5080000e+03
   6.5170000e+03
   6.5280000e+03
   6.5350000e+03
   6.5650000e+03
   6.5940000e+03
   6.6050000e+03
   6.6140000e+03
   6.6290000e+03
   6.8300000e+03
   6.9970000e+03
   7.0140000e+03
   7.0270000e+03
   7.0440000e+03
   7.0590000e+03
   7.0750000e+03
   7.0830000e+03
   7.0920000e+03
   7.1050000e+03
   7.1090000e+03
   7.1160000e+03
   7.1240000e+03
   7.1390000e+03
   7.1450000e+03
   7.1540000e+03
   7.1640000e+03
   7.1790000e+03
   7.1930000e+03
   7.2040000e+03
   7.2200000e+03
   7.2430000e+03
   7.2660000e+03
   7.2880000e+03
   7.2990000e+03
   7.3220000e+03
   7.3310000e+03
   7.3740000e+03
   7.4620000e+03
   7.4840000e+03
   7.6660000e+03
   7.6880000e+03
   7.7070000e+03
   7.7140000e+03
   7.7270000e+03
   7.7320000e+03
   7.7410000e+03
   7.7520000e+03
   7.7670000e+03
   7.7740000e+03
   7.7860000e+03
   7.7920000e+03
   7.8060000e+03
   7.8150000e+03
   7.8280000e+03
   7.8380000e+03
   7.8500000e+03
   7.8590000e+03
   7.8700000e+03
   7.8850000e+03
   7.8940000e+03
   7.9040000e+03
   7.9110000e+03
   7.9280000e+03
   7.9370000e+03
   7.9630000e+03
   7.9820000e+03
   8.1160000e+03
   8.1300000e+03
   8.1440000e+03
   8.1710000e+03
   8.1820000e+03
   8.1960000e+03
   8.2260000e+03
   8.3140000e+03
   8.3610000e+03
   8.4730000e+03
   8.4850000e+03
   8.5630000e+03
   8.5680000e+03
   8.5830000e+03
   8.5960000e+03
   8.6090000e+03
   8.6190000e+03
   8.6300000e+03
   8.6420000e+03
   8.6460000e+03
   8.6590000e+03
   8.6710000e+03
   8.6850000e+03
   8.6910000e+03
   8.7050000e+03
   8.7140000e+03
   8.7310000e+03
   8.7490000e+03
   8.7630000e+03
   8.7800000e+03
   8.8090000e+03
   8.8230000e+03
   8.8540000e+03
   8.8670000e+03
   8.8990000e+03
   8.9240000e+03
   8.9350000e+03
   8.9480000e+03
   9.3730000e+03
   9.3850000e+03
   9.4720000e+03
   9.4760000e+03
   9.4870000e+03
   9.6740000e+03
   9.6850000e+03
   9.6920000e+03
   9.7010000e+03
   9.7080000e+03
   9.7170000e+03
   9.7300000e+03
   9.7510000e+03
   9.7710000e+03
   1.0014000e+04
   1.0030000e+04
