   1.6100000e+02
   1.6900000e+02
   1.7400000e+02
   2.0700000e+02
   2.2900000e+02
   4.1300000e+02
   4.2400000e+02
   4.4300000e+02
   4.5200000e+02
   4.6400000e+02
   4.7900000e+02
   4.9700000e+02
   5.7800000e+02
   9.0000000e+02
   9.0400000e+02
   9.0800000e+02
   9.1400000e+02
   9.2200000e+02
   9.2900000e+02
   9.3600000e+02
   9.5900000e+02
   1.2370000e+03
   1.2470000e+03
   1.2540000e+03
   1.2650000e+03
   1.2810000e+03
   1.4170000e+03
   1.4380000e+03
   1.5870000e+03
   1.9580000e+03
   1.9630000e+03
   1.9740000e+03
   1.9820000e+03
   1.9890000e+03
   1.9930000e+03
   2.0000000e+03
   2.0130000e+03
   2.0220000e+03
   2.0380000e+03
   2.0630000e+03
   2.0800000e+03
   2.0960000e+03
   2.1070000e+03
   2.1130000e+03
   2.1220000e+03
   2.1310000e+03
   2.1500000e+03
   2.1840000e+03
   2.1930000e+03
   2.2090000e+03
   2.2200000e+03
   2.2650000e+03
   2.2740000e+03
   2.2840000e+03
   2.3030000e+03
   2.3150000e+03
   2.3220000e+03
   2.3330000e+03
   2.3490000e+03
   2.3620000e+03
   2.3740000e+03
   2.3960000e+03
   2.4020000e+03
   2.5610000e+03
   2.5730000e+03
   2.6190000e+03
   2.6340000e+03
   2.6440000e+03
   2.6600000e+03
   2.7580000e+03
   2.7680000e+03
   2.7830000e+03
   3.1000000e+03
   3.1060000e+03
   3.1190000e+03
   3.1260000e+03
   3.1560000e+03
   3.1660000e+03
   3.2300000e+03
   3.2720000e+03
   3.2810000e+03
   3.2940000e+03
   3.3050000e+03
   3.3160000e+03
   3.3420000e+03
   3.3510000e+03
   3.3590000e+03
   3.3640000e+03
   3.3820000e+03
   3.3930000e+03
   3.4110000e+03
   3.4230000e+03
   3.5290000e+03
   3.5370000e+03
   3.8100000e+03
   3.8180000e+03
   3.8350000e+03
   3.8480000e+03
   3.8550000e+03
   3.8770000e+03
   4.0150000e+03
   4.0220000e+03
   4.0390000e+03
   4.0460000e+03
   4.0630000e+03
   4.0840000e+03
   4.1090000e+03
   4.1230000e+03
   4.1380000e+03
   4.1550000e+03
   4.2320000e+03
   4.2470000e+03
   4.2660000e+03
   4.2740000e+03
   4.2850000e+03
   4.4580000e+03
   4.4680000e+03
   4.4830000e+03
   4.4930000e+03
   4.5150000e+03
   4.5760000e+03
   4.6530000e+03
   4.6680000e+03
   4.6880000e+03
   4.8090000e+03
   4.8190000e+03
   4.8300000e+03
   4.8490000e+03
   4.8630000e+03
   4.8920000e+03
   5.0730000e+03
   5.1220000e+03
   5.1300000e+03
   5.1420000e+03
   5.1520000e+03
   5.1670000e+03
   5.1800000e+03
   5.1990000e+03
   5.2050000e+03
   5.2140000e+03
   5.2280000e+03
   5.2400000e+03
   5.2880000e+03
   5.3000000e+03
   5.3180000e+03
   5.3340000e+03
   5.3460000e+03
   5.3570000e+03
   5.3680000e+03
   5.3790000e+03
   5.3800000e+03
   5.3860000e+03
   5.3970000e+03
   5.4390000e+03
   5.4490000e+03
   5.4610000e+03
   5.4690000e+03
   5.4870000e+03
   5.4960000e+03
   5.5310000e+03
   5.5420000e+03
   5.6260000e+03
   5.6320000e+03
   5.8040000e+03
   5.8610000e+03
   5.8640000e+03
   5.8760000e+03
   5.8860000e+03
   5.9040000e+03
   5.9140000e+03
   5.9400000e+03
   5.9460000e+03
   5.9600000e+03
   5.9710000e+03
   5.9920000e+03
   6.0210000e+03
   6.0360000e+03
   6.0880000e+03
   6.1060000e+03
   6.2600000e+03
   6.2680000e+03
   6.2780000e+03
   6.2850000e+03
   6.3060000e+03
   6.3260000e+03
   6.3530000e+03
   6.3700000e+03
   6.3890000e+03
   6.4190000e+03
   6.4850000e+03
   6.5030000e+03
   6.5820000e+03
   6.5970000e+03
   6.6110000e+03
   6.6220000e+03
   6.6670000e+03
   6.6860000e+03
   6.7710000e+03
   7.1420000e+03
   7.1590000e+03
   7.1730000e+03
   7.1840000e+03
   7.2000000e+03
   7.2100000e+03
   7.2150000e+03
   7.2310000e+03
   7.2470000e+03
   7.2660000e+03
   7.2730000e+03
   7.4610000e+03
   7.4710000e+03
   7.4820000e+03
   7.4990000e+03
   7.5090000e+03
   7.5190000e+03
   7.5410000e+03
   7.5560000e+03
   7.5750000e+03
   7.5950000e+03
   7.6090000e+03
   7.6230000e+03
   7.6340000e+03
   7.6410000e+03
   7.6490000e+03
   7.6620000e+03
   7.6740000e+03
   7.6860000e+03
   7.7010000e+03
   7.7100000e+03
   7.7230000e+03
   7.7300000e+03
   7.7460000e+03
   7.7600000e+03
   7.7770000e+03
   7.7920000e+03
   7.8640000e+03
   8.0960000e+03
   8.1130000e+03
   8.1310000e+03
   8.1440000e+03
   8.1510000e+03
   8.2320000e+03
   8.2460000e+03
   8.2590000e+03
   8.4360000e+03
   8.4490000e+03
   8.4570000e+03
   8.4710000e+03
   8.5210000e+03
   8.5380000e+03
   8.5540000e+03
   8.5600000e+03
   8.5760000e+03
   8.5830000e+03
   8.6010000e+03
   8.6160000e+03
   8.6290000e+03
   9.0930000e+03
   9.1110000e+03
   9.1300000e+03
   9.4250000e+03
   9.4390000e+03
   9.6460000e+03
   9.6890000e+03
   9.6980000e+03
   9.7150000e+03
   9.7260000e+03
   9.7320000e+03
   9.7380000e+03
   9.7490000e+03
   9.7590000e+03
   9.7680000e+03
   9.7820000e+03
   9.7910000e+03
   9.7980000e+03
   9.8090000e+03
   9.8210000e+03
   9.8430000e+03
   9.8540000e+03
   9.8640000e+03
   9.8860000e+03
   9.9010000e+03
   9.9150000e+03
   9.9330000e+03
   9.9460000e+03
   9.9640000e+03
   9.9700000e+03
   9.9980000e+03
   1.0007000e+04
   1.0025000e+04
