   4.4000000e+01
   1.2800000e+02
   1.3700000e+02
   1.5000000e+02
   1.5700000e+02
   1.6500000e+02
   1.6900000e+02
   1.7500000e+02
   1.7800000e+02
   1.8700000e+02
   1.9200000e+02
   1.9900000e+02
   2.0600000e+02
   2.1700000e+02
   2.2300000e+02
   2.3400000e+02
   2.6600000e+02
   3.9000000e+02
   4.0000000e+02
   4.1000000e+02
   4.2600000e+02
   4.3300000e+02
   4.4500000e+02
   4.5400000e+02
   4.6200000e+02
   4.7000000e+02
   4.8200000e+02
   4.9500000e+02
   5.3000000e+02
   5.4200000e+02
   5.5200000e+02
   5.6300000e+02
   5.7400000e+02
   6.1000000e+02
   7.0700000e+02
   8.6000000e+02
   8.7600000e+02
   8.8900000e+02
   8.9600000e+02
   9.0200000e+02
   9.0700000e+02
   9.1600000e+02
   9.1900000e+02
   9.3000000e+02
   9.3900000e+02
   9.5000000e+02
   9.6900000e+02
   9.9600000e+02
   1.2060000e+03
   1.2140000e+03
   1.2290000e+03
   1.2380000e+03
   1.2450000e+03
   1.2530000e+03
   1.2590000e+03
   1.2730000e+03
   1.2830000e+03
   1.3770000e+03
   1.4430000e+03
   1.4560000e+03
   1.4730000e+03
   1.4970000e+03
   1.5140000e+03
   1.5670000e+03
   1.5760000e+03
   1.5950000e+03
   1.9430000e+03
   1.9550000e+03
   1.9610000e+03
   1.9670000e+03
   1.9840000e+03
   1.9870000e+03
   1.9920000e+03
   1.9980000e+03
   2.0060000e+03
   2.0110000e+03
   2.0180000e+03
   2.0270000e+03
   2.0320000e+03
   2.0390000e+03
   2.0480000e+03
   2.0610000e+03
   2.0780000e+03
   2.0890000e+03
   2.0990000e+03
   2.1050000e+03
   2.1120000e+03
   2.1210000e+03
   2.1290000e+03
   2.1400000e+03
   2.1580000e+03
   2.1710000e+03
   2.1830000e+03
   2.1900000e+03
   2.2010000e+03
   2.2170000e+03
   2.2310000e+03
   2.2430000e+03
   2.2610000e+03
   2.2790000e+03
   2.2890000e+03
   2.2980000e+03
   2.3100000e+03
   2.3160000e+03
   2.3230000e+03
   2.3350000e+03
   2.3430000e+03
   2.3510000e+03
   2.3610000e+03
   2.3670000e+03
   2.3790000e+03
   2.3880000e+03
   2.4040000e+03
   2.4190000e+03
   2.4450000e+03
   2.5560000e+03
   2.5640000e+03
   2.5810000e+03
   2.6030000e+03
   2.6280000e+03
   2.6360000e+03
   2.6450000e+03
   2.6670000e+03
   2.6920000e+03
   2.7370000e+03
   2.7460000e+03
   2.7660000e+03
   2.7720000e+03
   2.7920000e+03
   2.8010000e+03
   2.8260000e+03
   2.8700000e+03
   3.0860000e+03
   3.0990000e+03
   3.1060000e+03
   3.1110000e+03
   3.1270000e+03
   3.1430000e+03
   3.1510000e+03
   3.1630000e+03
   3.1840000e+03
   3.2210000e+03
   3.2290000e+03
   3.2430000e+03
   3.2670000e+03
   3.2770000e+03
   3.2870000e+03
   3.3020000e+03
   3.3090000e+03
   3.3390000e+03
   3.3470000e+03
   3.3580000e+03
   3.3650000e+03
   3.3760000e+03
   3.3870000e+03
   3.3950000e+03
   3.4030000e+03
   3.4140000e+03
   3.4270000e+03
   3.4410000e+03
   3.4500000e+03
   3.4660000e+03
   3.4850000e+03
   3.5060000e+03
   3.5240000e+03
   3.5330000e+03
   3.8040000e+03
   3.8090000e+03
   3.8180000e+03
   3.8250000e+03
   3.8390000e+03
   3.8500000e+03
   3.8670000e+03
   3.8810000e+03
   3.9030000e+03
   3.9200000e+03
   3.9480000e+03
   3.9630000e+03
   4.0020000e+03
   4.0100000e+03
   4.0180000e+03
   4.0260000e+03
   4.0440000e+03
   4.0620000e+03
   4.0750000e+03
   4.1000000e+03
   4.1110000e+03
   4.1220000e+03
   4.1400000e+03
   4.1470000e+03
   4.1600000e+03
   4.1710000e+03
   4.2090000e+03
   4.2220000e+03
   4.2310000e+03
   4.2410000e+03
   4.2580000e+03
   4.2780000e+03
   4.2930000e+03
   4.3090000e+03
   4.4380000e+03
   4.4440000e+03
   4.4560000e+03
   4.4640000e+03
   4.4730000e+03
   4.4850000e+03
   4.4950000e+03
   4.5100000e+03
   4.5240000e+03
   4.5410000e+03
   4.5530000e+03
   4.5720000e+03
   4.6390000e+03
   4.6590000e+03
   4.6750000e+03
   4.6890000e+03
   4.7110000e+03
   4.7610000e+03
   4.7800000e+03
   4.7930000e+03
   4.8030000e+03
   4.8140000e+03
   4.8240000e+03
   4.8340000e+03
   4.8400000e+03
   4.8520000e+03
   4.8640000e+03
   4.8740000e+03
   4.8940000e+03
   4.9140000e+03
   4.9530000e+03
   5.2110000e+03
   5.5860000e+03
   5.5980000e+03
   5.6070000e+03
   5.6170000e+03
   5.6300000e+03
   5.6440000e+03
   5.6660000e+03
   5.7170000e+03
   5.7270000e+03
   5.7500000e+03
   5.7860000e+03
   5.8000000e+03
   5.8260000e+03
   5.8310000e+03
   5.8510000e+03
   5.8700000e+03
   5.8770000e+03
   5.8860000e+03
   5.9020000e+03
   5.9170000e+03
   5.9320000e+03
   5.9460000e+03
   5.9550000e+03
   5.9640000e+03
   5.9940000e+03
   6.0040000e+03
   6.0200000e+03
   6.0330000e+03
   6.0520000e+03
   6.0760000e+03
   6.0860000e+03
   6.0970000e+03
   6.1080000e+03
   6.1230000e+03
   6.1350000e+03
   6.1730000e+03
   6.1820000e+03
   6.1920000e+03
   6.2050000e+03
   6.2100000e+03
   6.2290000e+03
   6.2470000e+03
   6.2580000e+03
   6.2700000e+03
   6.2890000e+03
   6.3870000e+03
   6.5320000e+03
   6.5630000e+03
   6.6240000e+03
   6.6390000e+03
   6.6500000e+03
   6.6710000e+03
   6.6810000e+03
   6.6910000e+03
   6.7030000e+03
   6.8310000e+03
   7.1330000e+03
   7.1450000e+03
   7.2000000e+03
   7.2280000e+03
   7.3890000e+03
   7.4040000e+03
   7.4190000e+03
   7.7810000e+03
   7.7930000e+03
   7.7990000e+03
   7.8050000e+03
   7.8160000e+03
   7.8230000e+03
   7.8320000e+03
   7.8390000e+03
   7.8480000e+03
   7.8560000e+03
   7.8700000e+03
   7.8790000e+03
   7.8870000e+03
   7.8960000e+03
   7.9090000e+03
   7.9210000e+03
   7.9380000e+03
   7.9750000e+03
   7.9990000e+03
   8.1730000e+03
   8.1920000e+03
   8.2080000e+03
   8.2180000e+03
   8.2310000e+03
   8.2450000e+03
   8.2580000e+03
   8.2700000e+03
   8.2780000e+03
   8.2890000e+03
   8.3050000e+03
   8.3230000e+03
   8.3280000e+03
   8.3420000e+03
   8.3530000e+03
   8.3640000e+03
   8.3740000e+03
   8.3880000e+03
   8.3950000e+03
   8.4070000e+03
   8.4150000e+03
   8.4280000e+03
   8.4400000e+03
   8.4470000e+03
   8.4590000e+03
   8.4630000e+03
   8.4690000e+03
   8.4800000e+03
   8.4870000e+03
   8.4960000e+03
   8.5040000e+03
   8.5080000e+03
   8.5120000e+03
   8.5180000e+03
   8.5250000e+03
   8.5330000e+03
   8.5450000e+03
   8.5520000e+03
   8.5620000e+03
   8.5750000e+03
   8.5930000e+03
   8.6050000e+03
   8.6270000e+03
   8.6470000e+03
   8.6970000e+03
   8.8360000e+03
   8.9660000e+03
   8.9940000e+03
   9.0020000e+03
   9.0120000e+03
   9.0480000e+03
   9.0660000e+03
   9.0930000e+03
   9.1000000e+03
   9.1080000e+03
   9.1200000e+03
   9.1470000e+03
   9.1650000e+03
   9.1780000e+03
   9.1960000e+03
   9.3820000e+03
   9.3940000e+03
   9.4020000e+03
   9.4070000e+03
   9.4180000e+03
   9.4300000e+03
   9.4450000e+03
   9.4590000e+03
   9.4710000e+03
   9.4860000e+03
   9.5100000e+03
   9.5390000e+03
   9.5660000e+03
   9.6060000e+03
   9.6200000e+03
   9.6310000e+03
   9.6620000e+03
   9.6720000e+03
   9.6930000e+03
   9.7020000e+03
   9.7170000e+03
   9.7310000e+03
   9.7410000e+03
   9.7600000e+03
   9.7720000e+03
   9.7830000e+03
   9.8010000e+03
   9.8260000e+03
   9.8420000e+03
   9.8590000e+03
   9.8820000e+03
   9.9520000e+03
   9.9570000e+03
   9.9650000e+03
   9.9900000e+03
   1.0006000e+04
   1.0016000e+04
