   1.2600000e+02
   1.5000000e+02
   1.5600000e+02
   1.6600000e+02
   1.7200000e+02
   1.7900000e+02
   1.8500000e+02
   1.9200000e+02
   1.9600000e+02
   2.0000000e+02
   2.0700000e+02
   2.2100000e+02
   2.3000000e+02
   2.5200000e+02
   3.9300000e+02
   3.9900000e+02
   4.1000000e+02
   4.1600000e+02
   4.2400000e+02
   4.3600000e+02
   4.5300000e+02
   4.5800000e+02
   4.6700000e+02
   4.7500000e+02
   4.8700000e+02
   5.0200000e+02
   5.1500000e+02
   5.2600000e+02
   5.4100000e+02
   5.5600000e+02
   5.6700000e+02
   5.8500000e+02
   6.9700000e+02
   8.7400000e+02
   8.8900000e+02
   8.9700000e+02
   9.0200000e+02
   9.0700000e+02
   9.1500000e+02
   9.1800000e+02
   9.2300000e+02
   9.3600000e+02
   9.4800000e+02
   9.5900000e+02
   9.7800000e+02
   1.2120000e+03
   1.2180000e+03
   1.2380000e+03
   1.2440000e+03
   1.2490000e+03
   1.2560000e+03
   1.2590000e+03
   1.2660000e+03
   1.2790000e+03
   1.2970000e+03
   1.3840000e+03
   1.3970000e+03
   1.4400000e+03
   1.4640000e+03
   1.5080000e+03
   1.5660000e+03
   1.5700000e+03
   1.5800000e+03
   1.5890000e+03
   1.9360000e+03
   1.9450000e+03
   1.9610000e+03
   1.9670000e+03
   1.9760000e+03
   1.9830000e+03
   1.9900000e+03
   1.9970000e+03
   2.0040000e+03
   2.0120000e+03
   2.0210000e+03
   2.0390000e+03
   2.0450000e+03
   2.0650000e+03
   2.0850000e+03
   2.1000000e+03
   2.1090000e+03
   2.1260000e+03
   2.1420000e+03
   2.1710000e+03
   2.1800000e+03
   2.1860000e+03
   2.1950000e+03
   2.2090000e+03
   2.2240000e+03
   2.2420000e+03
   2.2630000e+03
   2.2700000e+03
   2.2830000e+03
   2.2910000e+03
   2.3030000e+03
   2.3150000e+03
   2.3200000e+03
   2.3260000e+03
   2.3340000e+03
   2.3440000e+03
   2.3520000e+03
   2.3650000e+03
   2.3790000e+03
   2.3950000e+03
   2.4110000e+03
   2.4390000e+03
   2.5540000e+03
   2.5590000e+03
   2.5740000e+03
   2.6230000e+03
   2.6350000e+03
   2.6480000e+03
   2.6630000e+03
   2.6850000e+03
   2.7350000e+03
   2.7480000e+03
   2.7570000e+03
   2.7710000e+03
   2.7920000e+03
   2.8240000e+03
   2.8360000e+03
   2.8580000e+03
   2.9780000e+03
   3.0890000e+03
   3.0970000e+03
   3.1090000e+03
   3.1200000e+03
   3.1250000e+03
   3.1380000e+03
   3.1900000e+03
   3.2080000e+03
   3.2230000e+03
   3.2320000e+03
   3.2470000e+03
   3.2650000e+03
   3.2770000e+03
   3.2840000e+03
   3.2950000e+03
   3.3070000e+03
   3.3300000e+03
   3.3410000e+03
   3.3500000e+03
   3.3630000e+03
   3.3680000e+03
   3.3780000e+03
   3.3860000e+03
   3.4000000e+03
   3.4100000e+03
   3.4200000e+03
   3.4370000e+03
   3.4520000e+03
   3.4580000e+03
   3.4950000e+03
   3.5190000e+03
   3.5350000e+03
   3.5730000e+03
   3.7980000e+03
   3.8030000e+03
   3.8110000e+03
   3.8170000e+03
   3.8330000e+03
   3.8440000e+03
   3.8530000e+03
   3.8820000e+03
   3.9490000e+03
   3.9870000e+03
   4.0110000e+03
   4.0150000e+03
   4.0280000e+03
   4.0400000e+03
   4.0510000e+03
   4.0660000e+03
   4.0750000e+03
   4.0980000e+03
   4.1110000e+03
   4.1180000e+03
   4.1290000e+03
   4.1350000e+03
   4.1460000e+03
   4.1600000e+03
   4.1910000e+03
   4.2150000e+03
   4.2260000e+03
   4.2340000e+03
   4.2660000e+03
   4.2790000e+03
   4.2890000e+03
   4.2970000e+03
   4.3180000e+03
   4.4380000e+03
   4.4480000e+03
   4.4570000e+03
   4.4650000e+03
   4.4740000e+03
   4.4930000e+03
   4.5060000e+03
   4.5350000e+03
   4.5580000e+03
   4.6380000e+03
   4.6570000e+03
   4.6850000e+03
   4.7770000e+03
   4.7900000e+03
   4.8020000e+03
   4.8070000e+03
   4.8190000e+03
   4.8310000e+03
   4.8360000e+03
   4.8480000e+03
   4.8580000e+03
   4.8710000e+03
   4.8860000e+03
   4.9030000e+03
   4.9660000e+03
   5.0590000e+03
   5.0630000e+03
   5.0790000e+03
   5.1030000e+03
   5.1270000e+03
   5.1520000e+03
   5.1590000e+03
   5.1770000e+03
   5.1960000e+03
   5.2240000e+03
   5.2360000e+03
   5.2460000e+03
   5.2570000e+03
   5.2670000e+03
   5.2760000e+03
   5.2910000e+03
   5.3270000e+03
   5.3540000e+03
   5.4860000e+03
   5.5060000e+03
   5.5320000e+03
   5.5580000e+03
   5.5640000e+03
   5.5690000e+03
   5.5910000e+03
   5.6020000e+03
   5.6200000e+03
   5.6410000e+03
   5.6850000e+03
   5.6960000e+03
   5.9590000e+03
   6.0030000e+03
   6.0240000e+03
   6.2360000e+03
   6.2590000e+03
   6.2660000e+03
   6.2700000e+03
   6.2810000e+03
   6.3030000e+03
   6.8040000e+03
   6.8150000e+03
   6.8470000e+03
   6.8640000e+03
   6.8740000e+03
   6.8840000e+03
   6.8910000e+03
   6.9030000e+03
   6.9110000e+03
   6.9270000e+03
   6.9440000e+03
   6.9570000e+03
   6.9930000e+03
   7.0150000e+03
   7.0200000e+03
   7.0350000e+03
   7.0790000e+03
   7.1050000e+03
   7.1590000e+03
   7.1930000e+03
   7.2380000e+03
   7.2640000e+03
   7.5570000e+03
   7.5730000e+03
   7.9720000e+03
   7.9800000e+03
   8.0110000e+03
   8.0660000e+03
   8.0810000e+03
   8.0890000e+03
   8.1000000e+03
   8.1150000e+03
   8.6620000e+03
   8.7620000e+03
   8.7700000e+03
   8.7790000e+03
   8.8080000e+03
   9.2830000e+03
   9.2970000e+03
   9.3100000e+03
   9.3330000e+03
   9.3900000e+03
   9.4020000e+03
   9.4160000e+03
   9.6620000e+03
   9.6670000e+03
   9.6780000e+03
   9.6820000e+03
   9.6870000e+03
   9.6990000e+03
   9.7060000e+03
   9.7110000e+03
   9.7310000e+03
   9.7390000e+03
   9.7510000e+03
   9.7750000e+03
   9.9170000e+03
   9.9220000e+03
   9.9340000e+03
   9.9450000e+03
   9.9510000e+03
   9.9610000e+03
   9.9640000e+03
   9.9690000e+03
   9.9840000e+03
   9.9920000e+03
   9.9990000e+03
   1.0011000e+04
   1.0023000e+04
   1.0035000e+04
