   1.3900000e+02
   1.4800000e+02
   1.5400000e+02
   1.6100000e+02
   1.7000000e+02
   1.7600000e+02
   1.8200000e+02
   1.8700000e+02
   1.9100000e+02
   1.9300000e+02
   2.0100000e+02
   2.1500000e+02
   2.2200000e+02
   3.9100000e+02
   4.0300000e+02
   4.1700000e+02
   4.3000000e+02
   4.3500000e+02
   4.4300000e+02
   4.5200000e+02
   4.5600000e+02
   4.6600000e+02
   4.7600000e+02
   4.8600000e+02
   5.0400000e+02
   5.4300000e+02
   5.7800000e+02
   5.9500000e+02
   8.8500000e+02
   8.9300000e+02
   8.9900000e+02
   9.0500000e+02
   9.1000000e+02
   9.1400000e+02
   9.1900000e+02
   9.2700000e+02
   9.3100000e+02
   9.4200000e+02
   9.5500000e+02
   9.6500000e+02
   9.9600000e+02
   1.2390000e+03
   1.2450000e+03
   1.2500000e+03
   1.2620000e+03
   1.2760000e+03
   1.3870000e+03
   1.4480000e+03
   1.4600000e+03
   1.9590000e+03
   1.9690000e+03
   1.9800000e+03
   1.9890000e+03
   1.9940000e+03
   1.9990000e+03
   2.0070000e+03
   2.0130000e+03
   2.0290000e+03
   2.0390000e+03
   2.0550000e+03
   2.0670000e+03
   2.0780000e+03
   2.0860000e+03
   2.1000000e+03
   2.1080000e+03
   2.1130000e+03
   2.1180000e+03
   2.1310000e+03
   2.1430000e+03
   2.1540000e+03
   2.1770000e+03
   2.1880000e+03
   2.1920000e+03
   2.2050000e+03
   2.2190000e+03
   2.2770000e+03
   2.2870000e+03
   2.2960000e+03
   2.3080000e+03
   2.3140000e+03
   2.3240000e+03
   2.3520000e+03
   2.3610000e+03
   2.3970000e+03
   2.4180000e+03
   2.4420000e+03
   2.5570000e+03
   2.5660000e+03
   2.5940000e+03
   2.6470000e+03
   2.6560000e+03
   2.7460000e+03
   2.7630000e+03
   2.7790000e+03
   2.7880000e+03
   2.8090000e+03
   2.8230000e+03
   3.1000000e+03
   3.1090000e+03
   3.1180000e+03
   3.1320000e+03
   3.1490000e+03
   3.1590000e+03
   3.1720000e+03
   3.1890000e+03
   3.2230000e+03
   3.2300000e+03
   3.2420000e+03
   3.2550000e+03
   3.2710000e+03
   3.2790000e+03
   3.2890000e+03
   3.3060000e+03
   3.3160000e+03
   3.3480000e+03
   3.3580000e+03
   3.3650000e+03
   3.3820000e+03
   3.3900000e+03
   3.4020000e+03
   3.4230000e+03
   3.4420000e+03
   3.4600000e+03
   3.5360000e+03
   3.5490000e+03
   3.8120000e+03
   3.8170000e+03
   3.8260000e+03
   3.8360000e+03
   3.8490000e+03
   3.8720000e+03
   3.8910000e+03
   4.0050000e+03
   4.0150000e+03
   4.0250000e+03
   4.0400000e+03
   4.0760000e+03
   4.0840000e+03
   4.1170000e+03
   4.1250000e+03
   4.1330000e+03
   4.1410000e+03
   4.1500000e+03
   4.2260000e+03
   4.2350000e+03
   4.2500000e+03
   4.2620000e+03
   4.2770000e+03
   4.2810000e+03
   4.2910000e+03
   4.3100000e+03
   4.4570000e+03
   4.4670000e+03
   4.4750000e+03
   4.4910000e+03
   4.5040000e+03
   4.5240000e+03
   4.5390000e+03
   4.5550000e+03
   4.6530000e+03
   4.6620000e+03
   4.6730000e+03
   4.6810000e+03
   4.7190000e+03
   4.8030000e+03
   4.8100000e+03
   4.8240000e+03
   4.8320000e+03
   4.8520000e+03
   4.8630000e+03
   4.8730000e+03
   4.8850000e+03
   5.2920000e+03
   5.3250000e+03
   5.3370000e+03
   5.4020000e+03
   5.5190000e+03
   5.5260000e+03
   5.5350000e+03
   5.5390000e+03
   5.5460000e+03
   5.5520000e+03
   5.5610000e+03
   5.5690000e+03
   5.5720000e+03
   5.5790000e+03
   5.5890000e+03
   5.6070000e+03
   5.6260000e+03
   5.6370000e+03
   5.6500000e+03
   5.6710000e+03
   5.7880000e+03
   5.7980000e+03
   5.8050000e+03
   5.8450000e+03
   5.8540000e+03
   5.8800000e+03
   6.2130000e+03
   6.4260000e+03
   6.7050000e+03
   6.8310000e+03
   6.8430000e+03
   6.8510000e+03
   6.8580000e+03
   6.8640000e+03
   6.8710000e+03
   6.8770000e+03
   6.8830000e+03
   6.8900000e+03
   6.8970000e+03
   6.9050000e+03
   6.9210000e+03
   6.9300000e+03
   6.9960000e+03
   7.0680000e+03
   7.0780000e+03
   7.0870000e+03
   7.0990000e+03
   7.3320000e+03
   7.3580000e+03
   8.0030000e+03
   8.0460000e+03
   8.0670000e+03
   8.0760000e+03
   8.0850000e+03
   8.0980000e+03
   8.1070000e+03
   8.1290000e+03
   8.1370000e+03
   8.1470000e+03
   8.1590000e+03
   8.1700000e+03
   8.1760000e+03
   8.2030000e+03
   8.2110000e+03
   8.2170000e+03
   8.2250000e+03
   8.2330000e+03
   8.2460000e+03
   8.2630000e+03
   8.2770000e+03
   8.2960000e+03
   8.3080000e+03
   8.3220000e+03
   8.3820000e+03
   8.3890000e+03
   8.4020000e+03
   8.4170000e+03
   8.4300000e+03
   8.4690000e+03
   8.4920000e+03
   8.5100000e+03
   8.5250000e+03
   9.1970000e+03
   9.2160000e+03
   9.2330000e+03
   9.2420000e+03
   9.2540000e+03
   9.2620000e+03
   9.2710000e+03
   9.2830000e+03
   9.3140000e+03
   9.3350000e+03
   9.3460000e+03
   9.3530000e+03
   9.3610000e+03
   9.3690000e+03
   9.3810000e+03
   9.3960000e+03
   9.4130000e+03
   9.4240000e+03
   9.4290000e+03
   9.4400000e+03
   9.4500000e+03
   9.4760000e+03
   9.4910000e+03
   9.5040000e+03
   9.5200000e+03
   9.6020000e+03
   9.6610000e+03
   9.6700000e+03
   9.6810000e+03
   9.6920000e+03
   9.7990000e+03
   9.8110000e+03
   9.8180000e+03
   9.8280000e+03
   9.8470000e+03
   9.8610000e+03
   9.9540000e+03
