   9.9000000e+01
   1.3000000e+02
   1.3900000e+02
   1.4700000e+02
   1.5000000e+02
   1.5800000e+02
   1.6400000e+02
   1.7000000e+02
   1.7600000e+02
   1.8000000e+02
   1.8400000e+02
   1.9000000e+02
   1.9500000e+02
   2.0200000e+02
   2.0800000e+02
   2.1500000e+02
   2.2300000e+02
   2.3400000e+02
   2.4500000e+02
   2.7300000e+02
   3.8800000e+02
   4.0400000e+02
   4.1900000e+02
   4.2900000e+02
   4.3700000e+02
   4.4300000e+02
   4.5200000e+02
   4.6000000e+02
   4.7500000e+02
   4.8400000e+02
   5.0200000e+02
   5.3900000e+02
   5.5200000e+02
   5.6000000e+02
   5.8300000e+02
   8.7900000e+02
   8.9000000e+02
   9.0100000e+02
   9.0400000e+02
   9.1400000e+02
   9.1800000e+02
   9.2600000e+02
   9.3800000e+02
   9.4600000e+02
   9.5500000e+02
   9.7100000e+02
   1.2180000e+03
   1.2290000e+03
   1.2400000e+03
   1.2490000e+03
   1.2520000e+03
   1.2620000e+03
   1.2680000e+03
   1.2860000e+03
   1.4500000e+03
   1.4690000e+03
   1.4890000e+03
   1.5090000e+03
   1.5760000e+03
   1.9470000e+03
   1.9580000e+03
   1.9720000e+03
   1.9840000e+03
   1.9920000e+03
   1.9990000e+03
   2.0060000e+03
   2.0150000e+03
   2.0210000e+03
   2.0300000e+03
   2.0410000e+03
   2.0510000e+03
   2.0640000e+03
   2.0810000e+03
   2.1030000e+03
   2.1090000e+03
   2.1190000e+03
   2.1320000e+03
   2.1480000e+03
   2.1710000e+03
   2.1820000e+03
   2.1910000e+03
   2.2020000e+03
   2.2100000e+03
   2.2320000e+03
   2.2540000e+03
   2.2640000e+03
   2.2780000e+03
   2.2940000e+03
   2.3040000e+03
   2.3130000e+03
   2.3250000e+03
   2.3350000e+03
   2.3470000e+03
   2.3580000e+03
   2.3660000e+03
   2.3800000e+03
   2.3990000e+03
   2.4180000e+03
   2.4480000e+03
   2.5560000e+03
   2.5830000e+03
   2.6070000e+03
   2.6240000e+03
   2.6350000e+03
   2.6450000e+03
   2.6840000e+03
   2.7080000e+03
   2.7340000e+03
   2.7490000e+03
   2.7590000e+03
   2.7980000e+03
   2.8720000e+03
   2.8940000e+03
   3.0810000e+03
   3.0950000e+03
   3.1100000e+03
   3.1200000e+03
   3.1350000e+03
   3.1590000e+03
   3.2180000e+03
   3.2390000e+03
   3.2530000e+03
   3.2680000e+03
   3.2790000e+03
   3.3180000e+03
   3.3320000e+03
   3.3410000e+03
   3.3580000e+03
   3.3660000e+03
   3.3780000e+03
   3.3850000e+03
   3.3920000e+03
   3.4000000e+03
   3.4090000e+03
   3.4250000e+03
   3.4410000e+03
   3.4510000e+03
   3.4640000e+03
   3.5140000e+03
   3.5260000e+03
   3.5420000e+03
   3.8020000e+03
   3.8080000e+03
   3.8190000e+03
   3.8280000e+03
   3.8390000e+03
   3.8520000e+03
   3.8670000e+03
   3.9350000e+03
   3.9550000e+03
   4.0200000e+03
   4.0260000e+03
   4.0340000e+03
   4.0480000e+03
   4.0720000e+03
   4.0850000e+03
   4.1020000e+03
   4.1110000e+03
   4.1200000e+03
   4.1390000e+03
   4.1490000e+03
   4.1680000e+03
   4.1910000e+03
   4.2200000e+03
   4.2250000e+03
   4.2410000e+03
   4.2610000e+03
   4.2720000e+03
   4.2830000e+03
   4.2930000e+03
   4.4490000e+03
   4.4610000e+03
   4.4730000e+03
   4.4840000e+03
   4.5070000e+03
   4.5200000e+03
   4.5550000e+03
   4.6290000e+03
   4.6590000e+03
   4.6690000e+03
   4.6930000e+03
   4.7410000e+03
   4.7940000e+03
   4.8030000e+03
   4.8120000e+03
   4.8220000e+03
   4.8340000e+03
   4.8420000e+03
   4.8530000e+03
   4.8670000e+03
   4.8790000e+03
   4.8900000e+03
   4.9010000e+03
   5.2280000e+03
   5.2400000e+03
   5.2510000e+03
   5.2650000e+03
   5.2750000e+03
   5.2820000e+03
   5.2890000e+03
   5.3070000e+03
   5.3250000e+03
   5.3390000e+03
   5.3520000e+03
   5.3570000e+03
   5.3680000e+03
   5.3800000e+03
   5.4940000e+03
   5.5030000e+03
   5.5190000e+03
   5.5530000e+03
   5.5650000e+03
   5.5990000e+03
   5.6550000e+03
   5.9600000e+03
   5.9710000e+03
   5.9780000e+03
   5.9840000e+03
   5.9930000e+03
   6.2070000e+03
   6.4100000e+03
   6.4320000e+03
   6.4470000e+03
   6.4630000e+03
   6.5130000e+03
   6.5770000e+03
   6.7620000e+03
   6.7790000e+03
   6.7920000e+03
   6.8040000e+03
   6.8230000e+03
   6.8280000e+03
   6.8390000e+03
   6.8500000e+03
   6.8590000e+03
   6.8690000e+03
   6.8780000e+03
   6.8840000e+03
   6.8890000e+03
   6.8980000e+03
   6.9040000e+03
   6.9090000e+03
   6.9130000e+03
   6.9180000e+03
   6.9230000e+03
   6.9290000e+03
   6.9360000e+03
   6.9450000e+03
   6.9520000e+03
   6.9630000e+03
   6.9770000e+03
   6.9960000e+03
   7.0220000e+03
   7.0370000e+03
   7.0530000e+03
   7.1210000e+03
   7.1530000e+03
   7.1950000e+03
   7.2160000e+03
   7.2480000e+03
   7.3190000e+03
   7.3530000e+03
   7.6980000e+03
   7.7130000e+03
   7.7200000e+03
   7.7300000e+03
   7.7380000e+03
   7.7470000e+03
   7.7580000e+03
   7.7730000e+03
   7.7830000e+03
   7.8000000e+03
   7.8110000e+03
   7.8250000e+03
   7.8450000e+03
   7.9390000e+03
   7.9510000e+03
   7.9630000e+03
   7.9830000e+03
   7.9880000e+03
   7.9930000e+03
   8.0030000e+03
   8.0170000e+03
   8.0330000e+03
   8.0490000e+03
   8.0730000e+03
   8.0930000e+03
   8.2220000e+03
   8.2320000e+03
   8.2430000e+03
   8.2710000e+03
   8.4000000e+03
   8.7390000e+03
   8.8980000e+03
   8.9130000e+03
   8.9260000e+03
   8.9390000e+03
   8.9510000e+03
   8.9660000e+03
   8.9750000e+03
   8.9850000e+03
   8.9910000e+03
   9.0010000e+03
   9.0350000e+03
   9.0530000e+03
   9.0580000e+03
   9.0760000e+03
   9.0870000e+03
   9.1050000e+03
   9.1270000e+03
   9.1470000e+03
   9.1660000e+03
   9.1960000e+03
   9.2310000e+03
   9.2530000e+03
   9.2650000e+03
   9.2740000e+03
   9.2830000e+03
   9.2890000e+03
   9.2970000e+03
   9.3050000e+03
   9.3180000e+03
   9.3270000e+03
   9.3440000e+03
   9.3780000e+03
