   1.1600000e+02
   1.4600000e+02
   1.5400000e+02
   1.6400000e+02
   1.6800000e+02
   1.7200000e+02
   1.8000000e+02
   1.8600000e+02
   1.9000000e+02
   1.9400000e+02
   1.9900000e+02
   2.0800000e+02
   2.1400000e+02
   2.2200000e+02
   2.3900000e+02
   3.8900000e+02
   4.1500000e+02
   4.2300000e+02
   4.3300000e+02
   4.4700000e+02
   4.6200000e+02
   4.6800000e+02
   4.8000000e+02
   5.0100000e+02
   5.2600000e+02
   5.4300000e+02
   5.5400000e+02
   5.6400000e+02
   5.8100000e+02
   6.8500000e+02
   8.7600000e+02
   8.9200000e+02
   9.0100000e+02
   9.0800000e+02
   9.1400000e+02
   9.2000000e+02
   9.2400000e+02
   9.3000000e+02
   9.3700000e+02
   9.5300000e+02
   9.7200000e+02
   9.9000000e+02
   1.2030000e+03
   1.2330000e+03
   1.2420000e+03
   1.2470000e+03
   1.2570000e+03
   1.2630000e+03
   1.2740000e+03
   1.3990000e+03
   1.4190000e+03
   1.4420000e+03
   1.4470000e+03
   1.4860000e+03
   1.5050000e+03
   1.5830000e+03
   1.9230000e+03
   1.9410000e+03
   1.9550000e+03
   1.9690000e+03
   1.9750000e+03
   1.9850000e+03
   1.9900000e+03
   1.9970000e+03
   2.0020000e+03
   2.0080000e+03
   2.0180000e+03
   2.0310000e+03
   2.0410000e+03
   2.0510000e+03
   2.0670000e+03
   2.0890000e+03
   2.1010000e+03
   2.1080000e+03
   2.1170000e+03
   2.1280000e+03
   2.1400000e+03
   2.1680000e+03
   2.1830000e+03
   2.1890000e+03
   2.2080000e+03
   2.2220000e+03
   2.2400000e+03
   2.2630000e+03
   2.2750000e+03
   2.2910000e+03
   2.3040000e+03
   2.3110000e+03
   2.3200000e+03
   2.3310000e+03
   2.3460000e+03
   2.3590000e+03
   2.3690000e+03
   2.3890000e+03
   2.4140000e+03
   2.4510000e+03
   2.5540000e+03
   2.5590000e+03
   2.5690000e+03
   2.6100000e+03
   2.6250000e+03
   2.6410000e+03
   2.6530000e+03
   2.6660000e+03
   2.6880000e+03
   2.7220000e+03
   2.7490000e+03
   2.7550000e+03
   2.7650000e+03
   2.7850000e+03
   2.8010000e+03
   2.8350000e+03
   2.8710000e+03
   2.8840000e+03
   3.0860000e+03
   3.0970000e+03
   3.1060000e+03
   3.1180000e+03
   3.1310000e+03
   3.1500000e+03
   3.1600000e+03
   3.1800000e+03
   3.1990000e+03
   3.2170000e+03
   3.2290000e+03
   3.2410000e+03
   3.2660000e+03
   3.2770000e+03
   3.2960000e+03
   3.3240000e+03
   3.3360000e+03
   3.3520000e+03
   3.3670000e+03
   3.3770000e+03
   3.3860000e+03
   3.4030000e+03
   3.4230000e+03
   3.4270000e+03
   3.4420000e+03
   3.4530000e+03
   3.4730000e+03
   3.5100000e+03
   3.5250000e+03
   3.5310000e+03
   3.5490000e+03
   3.7970000e+03
   3.8030000e+03
   3.8140000e+03
   3.8190000e+03
   3.8290000e+03
   3.8430000e+03
   3.8630000e+03
   3.8740000e+03
   3.9000000e+03
   3.9230000e+03
   3.9430000e+03
   3.9740000e+03
   4.0050000e+03
   4.0150000e+03
   4.0280000e+03
   4.0450000e+03
   4.0610000e+03
   4.0740000e+03
   4.1080000e+03
   4.1190000e+03
   4.1290000e+03
   4.1440000e+03
   4.1630000e+03
   4.1790000e+03
   4.2120000e+03
   4.2310000e+03
   4.2430000e+03
   4.2570000e+03
   4.2720000e+03
   4.2820000e+03
   4.2980000e+03
   4.4390000e+03
   4.4540000e+03
   4.4620000e+03
   4.4710000e+03
   4.4990000e+03
   4.5100000e+03
   4.5340000e+03
   4.5550000e+03
   4.6450000e+03
   4.6500000e+03
   4.6600000e+03
   4.6760000e+03
   4.6870000e+03
   4.7230000e+03
   4.7970000e+03
   4.8080000e+03
   4.8230000e+03
   4.8260000e+03
   4.8450000e+03
   4.8640000e+03
   4.8750000e+03
   4.8840000e+03
   4.9590000e+03
   5.3810000e+03
   5.3920000e+03
   5.4070000e+03
   5.4630000e+03
   5.4790000e+03
   5.4880000e+03
   5.5560000e+03
   5.5720000e+03
   5.5910000e+03
   5.6110000e+03
   5.6320000e+03
   5.6540000e+03
   5.7070000e+03
   5.8580000e+03
   5.8830000e+03
   5.8920000e+03
   5.9110000e+03
   5.9160000e+03
   5.9290000e+03
   5.9350000e+03
   5.9450000e+03
   5.9490000e+03
   5.9540000e+03
   5.9580000e+03
   5.9620000e+03
   5.9690000e+03
   5.9800000e+03
   5.9850000e+03
   5.9990000e+03
   6.0210000e+03
   6.0360000e+03
   6.0480000e+03
   6.0650000e+03
   6.0740000e+03
   6.0860000e+03
   6.0960000e+03
   6.1100000e+03
   6.1290000e+03
   6.1350000e+03
   6.1470000e+03
   6.1610000e+03
   6.1760000e+03
   6.1870000e+03
   6.2050000e+03
   6.2260000e+03
   6.2370000e+03
   6.2550000e+03
   6.2720000e+03
   6.3490000e+03
   6.3610000e+03
   6.4180000e+03
   6.7140000e+03
   6.7300000e+03
   6.7380000e+03
   6.7510000e+03
   6.7700000e+03
   6.7790000e+03
   6.7860000e+03
   6.7930000e+03
   6.8000000e+03
   6.8090000e+03
   6.8130000e+03
   6.8200000e+03
   6.8280000e+03
   6.8400000e+03
   6.8550000e+03
   6.8780000e+03
   6.9000000e+03
   6.9790000e+03
   6.9930000e+03
   7.0510000e+03
   7.0600000e+03
   7.0980000e+03
   7.1140000e+03
   7.1390000e+03
   7.1520000e+03
   7.1640000e+03
   7.1740000e+03
   7.1950000e+03
   7.2050000e+03
   7.2130000e+03
   7.2270000e+03
   7.2430000e+03
   7.2580000e+03
   7.2690000e+03
   7.2900000e+03
   7.3040000e+03
   7.3170000e+03
   7.3280000e+03
   7.3350000e+03
   7.3480000e+03
   7.3650000e+03
   7.3950000e+03
   7.4140000e+03
   7.4310000e+03
   7.4760000e+03
   7.4960000e+03
   7.5060000e+03
   7.6150000e+03
   7.6240000e+03
   7.6450000e+03
   7.6570000e+03
   7.6740000e+03
   7.6860000e+03
   7.6940000e+03
   7.7080000e+03
   7.7340000e+03
   7.7670000e+03
   7.7960000e+03
   7.8160000e+03
   7.8450000e+03
   7.8570000e+03
   7.8770000e+03
   7.9010000e+03
   7.9160000e+03
   7.9290000e+03
   7.9360000e+03
   7.9480000e+03
   7.9660000e+03
   7.9820000e+03
   8.0000000e+03
   8.0200000e+03
   8.0290000e+03
   8.0430000e+03
   8.0530000e+03
   8.0670000e+03
   8.0790000e+03
   8.0910000e+03
   8.1030000e+03
   8.1140000e+03
   8.1250000e+03
   8.1430000e+03
   8.1540000e+03
   8.1670000e+03
   8.1800000e+03
   8.1960000e+03
   8.2060000e+03
   8.2230000e+03
   8.2330000e+03
   8.2530000e+03
   8.6790000e+03
   8.6990000e+03
   8.7270000e+03
   8.7410000e+03
   8.7510000e+03
   8.7600000e+03
   8.7660000e+03
   8.7760000e+03
   8.7830000e+03
   8.7930000e+03
   8.8070000e+03
   8.8230000e+03
   8.8320000e+03
   8.8390000e+03
   8.8510000e+03
   8.8560000e+03
   8.8680000e+03
   8.8770000e+03
   8.8860000e+03
   8.8910000e+03
   8.8970000e+03
   8.9040000e+03
   8.9130000e+03
   8.9180000e+03
   8.9240000e+03
   8.9340000e+03
   8.9430000e+03
   8.9520000e+03
   8.9700000e+03
   8.9750000e+03
   8.9820000e+03
   8.9930000e+03
   9.0050000e+03
   9.0270000e+03
   9.0380000e+03
   9.0530000e+03
   9.3090000e+03
   9.3200000e+03
   9.4480000e+03
   9.5190000e+03
   9.5620000e+03
   9.6210000e+03
   9.6320000e+03
   9.6440000e+03
   9.6650000e+03
   9.6730000e+03
   9.6810000e+03
   9.6940000e+03
   9.7020000e+03
   9.7140000e+03
   9.7310000e+03
   9.7510000e+03
   9.7710000e+03
   9.9750000e+03
