   1.1700000e+02
   1.5400000e+02
   1.6000000e+02
   1.6700000e+02
   1.7300000e+02
   1.8000000e+02
   1.8500000e+02
   1.8900000e+02
   1.9700000e+02
   2.0400000e+02
   2.1000000e+02
   2.1600000e+02
   2.2500000e+02
   2.3700000e+02
   2.5800000e+02
   4.0000000e+02
   4.2500000e+02
   4.3500000e+02
   4.4400000e+02
   4.5500000e+02
   4.6500000e+02
   4.7000000e+02
   4.7800000e+02
   4.9600000e+02
   5.1400000e+02
   5.4600000e+02
   5.5900000e+02
   8.8800000e+02
   9.0100000e+02
   9.0800000e+02
   9.1300000e+02
   9.2100000e+02
   9.2500000e+02
   9.3500000e+02
   9.4300000e+02
   9.5500000e+02
   9.7400000e+02
   1.2300000e+03
   1.2370000e+03
   1.2430000e+03
   1.2490000e+03
   1.2550000e+03
   1.2660000e+03
   1.2730000e+03
   1.2880000e+03
   1.4560000e+03
   1.5690000e+03
   1.5860000e+03
   1.6080000e+03
   1.9490000e+03
   1.9610000e+03
   1.9720000e+03
   1.9790000e+03
   1.9860000e+03
   1.9910000e+03
   1.9950000e+03
   2.0000000e+03
   2.0140000e+03
   2.0250000e+03
   2.0310000e+03
   2.0520000e+03
   2.0590000e+03
   2.0670000e+03
   2.0880000e+03
   2.0990000e+03
   2.1120000e+03
   2.1210000e+03
   2.1320000e+03
   2.1740000e+03
   2.1850000e+03
   2.1910000e+03
   2.2020000e+03
   2.2530000e+03
   2.2750000e+03
   2.2850000e+03
   2.3000000e+03
   2.3130000e+03
   2.3200000e+03
   2.3280000e+03
   2.3390000e+03
   2.3600000e+03
   2.3720000e+03
   2.3830000e+03
   2.3920000e+03
   2.4150000e+03
   2.4250000e+03
   2.5580000e+03
   2.5730000e+03
   2.6010000e+03
   2.6140000e+03
   2.6490000e+03
   2.6590000e+03
   2.7440000e+03
   2.7580000e+03
   2.7690000e+03
   2.7840000e+03
   2.8070000e+03
   2.8730000e+03
   2.8870000e+03
   3.0930000e+03
   3.1080000e+03
   3.1180000e+03
   3.1440000e+03
   3.1930000e+03
   3.2330000e+03
   3.2520000e+03
   3.2650000e+03
   3.2750000e+03
   3.2820000e+03
   3.3090000e+03
   3.3260000e+03
   3.3560000e+03
   3.3650000e+03
   3.3740000e+03
   3.4130000e+03
   3.4420000e+03
   3.4470000e+03
   3.4550000e+03
   3.4780000e+03
   3.5470000e+03
   3.8070000e+03
   3.8160000e+03
   3.8250000e+03
   3.8370000e+03
   3.8510000e+03
   3.8580000e+03
   3.9340000e+03
   3.9510000e+03
   4.0260000e+03
   4.0350000e+03
   4.0560000e+03
   4.0750000e+03
   4.0970000e+03
   4.1100000e+03
   4.1200000e+03
   4.1290000e+03
   4.1460000e+03
   4.1630000e+03
   4.2200000e+03
   4.2300000e+03
   4.2450000e+03
   4.2600000e+03
   4.2810000e+03
   4.2860000e+03
   4.4490000e+03
   4.4580000e+03
   4.4660000e+03
   4.4730000e+03
   4.4880000e+03
   4.4940000e+03
   4.5040000e+03
   4.5210000e+03
   4.5400000e+03
   4.5550000e+03
   4.6750000e+03
   4.7910000e+03
   4.8050000e+03
   4.8160000e+03
   4.8250000e+03
   4.8330000e+03
   4.8600000e+03
   4.8690000e+03
   4.8790000e+03
   4.8880000e+03
   5.0720000e+03
   5.1480000e+03
   5.1630000e+03
   5.2910000e+03
   5.8080000e+03
   5.8140000e+03
   5.8170000e+03
   5.8250000e+03
   5.8290000e+03
   5.8360000e+03
   5.8470000e+03
   5.8530000e+03
   5.8690000e+03
   5.8810000e+03
   5.8890000e+03
   5.8960000e+03
   5.9010000e+03
   5.9060000e+03
   5.9180000e+03
   5.9240000e+03
   5.9310000e+03
   5.9380000e+03
   5.9530000e+03
   5.9680000e+03
   5.9790000e+03
   5.9940000e+03
   6.1510000e+03
   6.2130000e+03
   6.2480000e+03
   6.2690000e+03
   6.2800000e+03
   6.2870000e+03
   6.2970000e+03
   6.3050000e+03
   6.3140000e+03
   6.3280000e+03
   6.3970000e+03
   6.4090000e+03
   6.6820000e+03
   6.6990000e+03
   6.9160000e+03
   6.9980000e+03
   7.0120000e+03
   7.0640000e+03
   7.0790000e+03
   7.0880000e+03
   7.3240000e+03
   7.4140000e+03
   7.4300000e+03
   7.4440000e+03
   8.0750000e+03
   8.1760000e+03
   8.2450000e+03
   8.4740000e+03
   8.4910000e+03
   8.5080000e+03
   8.5410000e+03
   8.5530000e+03
   8.8940000e+03
   8.9100000e+03
   8.9210000e+03
   8.9440000e+03
   8.9830000e+03
   8.9900000e+03
   9.0020000e+03
   9.0180000e+03
   9.0260000e+03
   9.0710000e+03
   9.1340000e+03
   9.1470000e+03
   9.1560000e+03
   9.1670000e+03
   9.1850000e+03
   9.2250000e+03
   9.2350000e+03
   9.4470000e+03
   9.4640000e+03
   9.4740000e+03
   9.5000000e+03
   9.5120000e+03
   9.6360000e+03
   9.6480000e+03
   9.6630000e+03
   9.6740000e+03
   9.6820000e+03
   9.6930000e+03
   9.7020000e+03
   9.7080000e+03
   9.7360000e+03
   9.7470000e+03
   9.7600000e+03
   9.7830000e+03
   9.8250000e+03
   9.8330000e+03
