   1.2900000e+02
   1.4600000e+02
   1.5200000e+02
   1.5800000e+02
   1.5900000e+02
   1.6200000e+02
   1.6800000e+02
   1.7400000e+02
   1.7700000e+02
   1.8100000e+02
   1.8800000e+02
   1.9400000e+02
   2.0400000e+02
   2.1100000e+02
   2.1700000e+02
   2.3100000e+02
   2.5600000e+02
   3.9900000e+02
   4.1100000e+02
   4.2500000e+02
   4.3800000e+02
   4.5500000e+02
   4.6000000e+02
   4.6500000e+02
   4.7000000e+02
   4.7400000e+02
   4.9200000e+02
   5.5500000e+02
   5.6900000e+02
   7.3000000e+02
   8.8400000e+02
   8.9600000e+02
   9.0300000e+02
   9.1000000e+02
   9.1300000e+02
   9.2000000e+02
   9.3000000e+02
   9.4100000e+02
   9.5800000e+02
   1.2010000e+03
   1.2190000e+03
   1.2310000e+03
   1.2420000e+03
   1.2510000e+03
   1.2560000e+03
   1.2660000e+03
   1.2760000e+03
   1.3940000e+03
   1.4700000e+03
   1.4940000e+03
   1.5050000e+03
   1.5800000e+03
   1.5970000e+03
   1.9560000e+03
   1.9650000e+03
   1.9720000e+03
   1.9860000e+03
   1.9970000e+03
   2.0020000e+03
   2.0070000e+03
   2.0150000e+03
   2.0230000e+03
   2.0320000e+03
   2.0370000e+03
   2.0650000e+03
   2.0760000e+03
   2.1020000e+03
   2.1240000e+03
   2.1310000e+03
   2.1410000e+03
   2.1570000e+03
   2.1840000e+03
   2.2060000e+03
   2.2190000e+03
   2.2320000e+03
   2.2430000e+03
   2.2620000e+03
   2.2750000e+03
   2.2900000e+03
   2.3000000e+03
   2.3100000e+03
   2.3180000e+03
   2.3290000e+03
   2.3440000e+03
   2.3560000e+03
   2.3660000e+03
   2.3740000e+03
   2.4570000e+03
   2.5640000e+03
   2.5730000e+03
   2.6270000e+03
   2.6340000e+03
   2.7600000e+03
   2.7750000e+03
   2.8030000e+03
   3.0910000e+03
   3.1030000e+03
   3.1120000e+03
   3.1220000e+03
   3.2180000e+03
   3.2310000e+03
   3.2690000e+03
   3.2750000e+03
   3.2900000e+03
   3.2960000e+03
   3.3240000e+03
   3.3360000e+03
   3.3510000e+03
   3.3620000e+03
   3.3670000e+03
   3.3930000e+03
   3.4040000e+03
   3.4590000e+03
   3.4720000e+03
   3.4910000e+03
   3.5320000e+03
   3.5480000e+03
   3.5650000e+03
   3.8120000e+03
   3.8180000e+03
   3.8270000e+03
   3.8420000e+03
   3.8470000e+03
   3.8770000e+03
   3.9350000e+03
   3.9530000e+03
   4.0120000e+03
   4.0230000e+03
   4.0310000e+03
   4.0520000e+03
   4.0880000e+03
   4.1020000e+03
   4.1190000e+03
   4.1260000e+03
   4.1420000e+03
   4.1540000e+03
   4.2290000e+03
   4.2400000e+03
   4.2590000e+03
   4.2740000e+03
   4.2850000e+03
   4.3060000e+03
   4.4490000e+03
   4.4620000e+03
   4.4710000e+03
   4.4830000e+03
   4.5070000e+03
   4.5530000e+03
   4.5740000e+03
   4.6510000e+03
   4.6670000e+03
   4.6810000e+03
   4.7020000e+03
   4.7780000e+03
   4.7930000e+03
   4.8030000e+03
   4.8220000e+03
   4.8330000e+03
   4.8680000e+03
   4.8840000e+03
   5.1780000e+03
   5.1830000e+03
   5.1910000e+03
   5.2040000e+03
   5.2220000e+03
   5.2370000e+03
   5.2580000e+03
   5.2690000e+03
   5.3150000e+03
   5.5530000e+03
   5.5650000e+03
   5.8380000e+03
   5.8430000e+03
   5.8500000e+03
   5.8550000e+03
   5.8680000e+03
   5.8890000e+03
   5.9040000e+03
   5.9200000e+03
   5.9400000e+03
   6.0110000e+03
   6.0210000e+03
   6.0440000e+03
   6.0580000e+03
   6.0720000e+03
   6.0860000e+03
   6.1100000e+03
   6.1260000e+03
   6.3730000e+03
   6.3850000e+03
   6.3900000e+03
   6.4040000e+03
   6.4980000e+03
   6.5720000e+03
   6.5880000e+03
   6.6000000e+03
   6.6270000e+03
   6.6320000e+03
   6.6690000e+03
   6.6790000e+03
   6.6880000e+03
   6.8420000e+03
   6.8540000e+03
   6.8660000e+03
   6.9180000e+03
   7.0850000e+03
   7.0940000e+03
   7.1040000e+03
   7.1340000e+03
   7.1420000e+03
   7.1590000e+03
   7.1680000e+03
   7.1810000e+03
   7.1910000e+03
   7.1980000e+03
   7.2060000e+03
   7.2240000e+03
   7.2360000e+03
   7.2550000e+03
   7.2660000e+03
   7.2890000e+03
   7.3040000e+03
   7.3150000e+03
   7.3280000e+03
   7.3400000e+03
   7.3540000e+03
   7.3660000e+03
   7.3760000e+03
   7.3980000e+03
   7.4270000e+03
   7.4350000e+03
   7.4570000e+03
   7.4700000e+03
   7.4890000e+03
   7.5020000e+03
   7.5950000e+03
   7.6590000e+03
   7.6770000e+03
   7.6930000e+03
   7.7400000e+03
   7.7520000e+03
   7.9560000e+03
   7.9640000e+03
   7.9770000e+03
   8.0290000e+03
   8.0410000e+03
   8.0750000e+03
   8.0890000e+03
   8.1080000e+03
   8.1160000e+03
   8.2000000e+03
   8.2080000e+03
   8.2390000e+03
   8.2550000e+03
   8.2760000e+03
   8.2910000e+03
   8.3080000e+03
   8.3200000e+03
   8.3260000e+03
   8.3480000e+03
   8.3570000e+03
   8.3700000e+03
   8.3890000e+03
   8.4040000e+03
   8.5420000e+03
   8.5710000e+03
   8.5740000e+03
   8.5860000e+03
   8.5920000e+03
   8.5960000e+03
   8.6050000e+03
   8.6180000e+03
   8.6280000e+03
   8.7300000e+03
   8.7650000e+03
   8.8240000e+03
   8.8330000e+03
   8.8500000e+03
   8.9380000e+03
   8.9960000e+03
   9.0170000e+03
   9.0310000e+03
   9.0430000e+03
   9.0560000e+03
   9.0750000e+03
   9.0860000e+03
   9.1140000e+03
   9.3380000e+03
   9.3490000e+03
   9.3540000e+03
   9.3650000e+03
   9.3760000e+03
   9.3860000e+03
   9.3920000e+03
   9.4060000e+03
   9.4200000e+03
   9.4460000e+03
   9.4660000e+03
   9.4830000e+03
   9.4970000e+03
   9.5160000e+03
   9.5330000e+03
   9.5460000e+03
   9.5580000e+03
   9.5710000e+03
   9.5900000e+03
   9.6070000e+03
   9.8550000e+03
