   1.3600000e+02
   1.4800000e+02
   1.5800000e+02
   1.6300000e+02
   1.7200000e+02
   1.7500000e+02
   1.8200000e+02
   1.8600000e+02
   1.9200000e+02
   1.9800000e+02
   2.0700000e+02
   2.1500000e+02
   2.3200000e+02
   2.4600000e+02
   3.9800000e+02
   4.0500000e+02
   4.1800000e+02
   4.3500000e+02
   4.4500000e+02
   4.5900000e+02
   4.6800000e+02
   4.8000000e+02
   4.9900000e+02
   5.1900000e+02
   5.3400000e+02
   5.4700000e+02
   5.5900000e+02
   5.9100000e+02
   7.1400000e+02
   8.6900000e+02
   8.9300000e+02
   8.9800000e+02
   9.0500000e+02
   9.1000000e+02
   9.1400000e+02
   9.2100000e+02
   9.2900000e+02
   9.3400000e+02
   9.4600000e+02
   9.6100000e+02
   9.7400000e+02
   1.2110000e+03
   1.2290000e+03
   1.2450000e+03
   1.2520000e+03
   1.2650000e+03
   1.2750000e+03
   1.3750000e+03
   1.4520000e+03
   1.5060000e+03
   1.5670000e+03
   1.5750000e+03
   1.9510000e+03
   1.9670000e+03
   1.9800000e+03
   1.9850000e+03
   1.9920000e+03
   1.9960000e+03
   2.0060000e+03
   2.0150000e+03
   2.0200000e+03
   2.0310000e+03
   2.0380000e+03
   2.0520000e+03
   2.0670000e+03
   2.0770000e+03
   2.0940000e+03
   2.1020000e+03
   2.1120000e+03
   2.1190000e+03
   2.1310000e+03
   2.1550000e+03
   2.1700000e+03
   2.1810000e+03
   2.1870000e+03
   2.2040000e+03
   2.2210000e+03
   2.2330000e+03
   2.2490000e+03
   2.2660000e+03
   2.2760000e+03
   2.2890000e+03
   2.3060000e+03
   2.3120000e+03
   2.3230000e+03
   2.3330000e+03
   2.3440000e+03
   2.3510000e+03
   2.3610000e+03
   2.3730000e+03
   2.3880000e+03
   2.4120000e+03
   2.5520000e+03
   2.5590000e+03
   2.6330000e+03
   2.6500000e+03
   2.6610000e+03
   2.6920000e+03
   2.7350000e+03
   2.7440000e+03
   2.7530000e+03
   2.7710000e+03
   2.7880000e+03
   2.8150000e+03
   2.8400000e+03
   2.8690000e+03
   3.0890000e+03
   3.0970000e+03
   3.1140000e+03
   3.1220000e+03
   3.1370000e+03
   3.1520000e+03
   3.1770000e+03
   3.1860000e+03
   3.2100000e+03
   3.2200000e+03
   3.2300000e+03
   3.2670000e+03
   3.2750000e+03
   3.2930000e+03
   3.3050000e+03
   3.3160000e+03
   3.3340000e+03
   3.3550000e+03
   3.3680000e+03
   3.3780000e+03
   3.3890000e+03
   3.4040000e+03
   3.4230000e+03
   3.4460000e+03
   3.4590000e+03
   3.4910000e+03
   3.5300000e+03
   3.5390000e+03
   3.5530000e+03
   3.8110000e+03
   3.8170000e+03
   3.8300000e+03
   3.8380000e+03
   3.8550000e+03
   3.8940000e+03
   3.9080000e+03
   3.9270000e+03
   3.9860000e+03
   4.0110000e+03
   4.0200000e+03
   4.0310000e+03
   4.0480000e+03
   4.0680000e+03
   4.1010000e+03
   4.1120000e+03
   4.1260000e+03
   4.1400000e+03
   4.1640000e+03
   4.2220000e+03
   4.2320000e+03
   4.2420000e+03
   4.2500000e+03
   4.2640000e+03
   4.2740000e+03
   4.2820000e+03
   4.2960000e+03
   4.3050000e+03
   4.4460000e+03
   4.4530000e+03
   4.4670000e+03
   4.4840000e+03
   4.4930000e+03
   4.5370000e+03
   4.5550000e+03
   4.6060000e+03
   4.6440000e+03
   4.6580000e+03
   4.6700000e+03
   4.6830000e+03
   4.7080000e+03
   4.7690000e+03
   4.7830000e+03
   4.7970000e+03
   4.8050000e+03
   4.8170000e+03
   4.8290000e+03
   4.8400000e+03
   4.8580000e+03
   4.8790000e+03
   4.8980000e+03
   5.1010000e+03
   5.1620000e+03
   5.1910000e+03
   5.1960000e+03
   5.2160000e+03
   5.2340000e+03
   5.2660000e+03
   5.2800000e+03
   5.2900000e+03
   5.3040000e+03
   5.3170000e+03
   5.3290000e+03
   5.8640000e+03
   5.8670000e+03
   5.8910000e+03
   5.9100000e+03
   5.9220000e+03
   5.9280000e+03
   5.9410000e+03
   5.9470000e+03
   5.9540000e+03
   5.9610000e+03
   5.9720000e+03
   5.9860000e+03
   5.9980000e+03
   6.0650000e+03
   6.0750000e+03
   6.0920000e+03
   6.1140000e+03
   6.1290000e+03
   6.1440000e+03
   6.1610000e+03
   6.1650000e+03
   6.1750000e+03
   6.1870000e+03
   6.1950000e+03
   6.2020000e+03
   6.2190000e+03
   6.2430000e+03
   6.2950000e+03
   6.7140000e+03
   6.7220000e+03
   6.7290000e+03
   6.7410000e+03
   6.7570000e+03
   6.7660000e+03
   6.7950000e+03
   6.8210000e+03
   6.8510000e+03
   7.0160000e+03
   7.0240000e+03
   7.0480000e+03
   7.0610000e+03
   7.0770000e+03
   7.0850000e+03
   7.0910000e+03
   7.1020000e+03
   7.1100000e+03
   7.1160000e+03
   7.1280000e+03
   7.1360000e+03
   7.1470000e+03
   7.1540000e+03
   7.1600000e+03
   7.1660000e+03
   7.1740000e+03
   7.1790000e+03
   7.1900000e+03
   7.2070000e+03
   7.2390000e+03
   7.2510000e+03
   7.3260000e+03
   7.3360000e+03
   7.4870000e+03
   7.5440000e+03
   7.5550000e+03
   7.5740000e+03
   7.5940000e+03
   7.6940000e+03
   7.7030000e+03
   7.7170000e+03
   8.0030000e+03
   8.0150000e+03
   8.0260000e+03
   8.0390000e+03
   8.0570000e+03
   8.0640000e+03
   8.0750000e+03
   8.0880000e+03
   8.0990000e+03
   8.1150000e+03
   8.1250000e+03
   8.1340000e+03
   8.1480000e+03
   8.1550000e+03
   8.1600000e+03
   8.1690000e+03
   8.1760000e+03
   8.1880000e+03
   8.2060000e+03
   8.2280000e+03
   8.2560000e+03
   8.2820000e+03
   8.3250000e+03
   8.3360000e+03
   8.3410000e+03
   8.3570000e+03
   8.3680000e+03
   8.3970000e+03
   8.5440000e+03
   8.5680000e+03
   8.5790000e+03
   8.6020000e+03
   8.6120000e+03
   8.6300000e+03
   8.6550000e+03
   8.7260000e+03
   8.7380000e+03
   8.7830000e+03
   8.7950000e+03
   8.8770000e+03
   8.9190000e+03
   8.9450000e+03
   8.9520000e+03
   8.9690000e+03
   9.0510000e+03
   9.0600000e+03
   9.0740000e+03
   9.0920000e+03
   9.2950000e+03
   9.3050000e+03
   9.3160000e+03
   9.3240000e+03
   9.3320000e+03
   9.3430000e+03
   9.3610000e+03
   9.3670000e+03
   9.3740000e+03
   9.3900000e+03
   9.3970000e+03
   9.4080000e+03
   9.4200000e+03
   9.4330000e+03
   9.4530000e+03
   9.4710000e+03
   9.5570000e+03
   9.6000000e+03
   9.6180000e+03
   9.6420000e+03
   9.6480000e+03
   9.6620000e+03
   9.6680000e+03
   9.6840000e+03
   9.7220000e+03
   9.8450000e+03
   9.8500000e+03
   9.9050000e+03
   1.0018000e+04
