   9.1000000e+01
   1.2700000e+02
   1.3600000e+02
   1.4100000e+02
   1.4700000e+02
   1.5900000e+02
   1.6300000e+02
   1.6700000e+02
   1.7200000e+02
   1.7600000e+02
   1.8200000e+02
   1.8500000e+02
   1.9100000e+02
   1.9600000e+02
   2.0700000e+02
   2.1100000e+02
   2.2000000e+02
   2.3100000e+02
   2.4000000e+02
   2.6200000e+02
   3.7900000e+02
   3.8400000e+02
   3.8900000e+02
   3.9800000e+02
   4.0500000e+02
   4.1900000e+02
   4.2400000e+02
   4.3600000e+02
   4.4400000e+02
   4.5400000e+02
   4.6600000e+02
   4.7200000e+02
   4.7900000e+02
   4.9600000e+02
   5.1400000e+02
   5.2500000e+02
   5.3700000e+02
   5.4600000e+02
   5.5600000e+02
   5.6700000e+02
   5.7800000e+02
   6.3800000e+02
   6.9900000e+02
   7.2000000e+02
   8.6600000e+02
   8.7800000e+02
   8.8300000e+02
   8.9200000e+02
   9.0000000e+02
   9.0500000e+02
   9.1300000e+02
   9.1800000e+02
   9.2100000e+02
   9.2600000e+02
   9.3400000e+02
   9.4000000e+02
   9.5600000e+02
   9.7400000e+02
   1.1870000e+03
   1.2010000e+03
   1.2240000e+03
   1.2360000e+03
   1.2430000e+03
   1.2540000e+03
   1.2600000e+03
   1.2680000e+03
   1.2820000e+03
   1.3750000e+03
   1.4010000e+03
   1.4170000e+03
   1.4260000e+03
   1.4530000e+03
   1.4640000e+03
   1.4840000e+03
   1.4900000e+03
   1.5010000e+03
   1.5720000e+03
   1.5850000e+03
   1.8240000e+03
   1.9270000e+03
   1.9440000e+03
   1.9570000e+03
   1.9640000e+03
   1.9720000e+03
   1.9840000e+03
   1.9910000e+03
   1.9960000e+03
   2.0020000e+03
   2.0140000e+03
   2.0220000e+03
   2.0270000e+03
   2.0360000e+03
   2.0570000e+03
   2.0660000e+03
   2.0870000e+03
   2.0990000e+03
   2.1030000e+03
   2.1110000e+03
   2.1230000e+03
   2.1320000e+03
   2.1400000e+03
   2.1500000e+03
   2.1670000e+03
   2.1780000e+03
   2.1860000e+03
   2.1950000e+03
   2.2040000e+03
   2.2150000e+03
   2.2370000e+03
   2.2560000e+03
   2.2640000e+03
   2.2780000e+03
   2.2960000e+03
   2.3080000e+03
   2.3200000e+03
   2.3370000e+03
   2.3490000e+03
   2.3630000e+03
   2.3760000e+03
   2.3930000e+03
   2.4070000e+03
   2.4230000e+03
   2.4340000e+03
   2.5420000e+03
   2.5540000e+03
   2.5590000e+03
   2.5660000e+03
   2.5830000e+03
   2.5990000e+03
   2.6190000e+03
   2.6300000e+03
   2.6420000e+03
   2.6600000e+03
   2.6810000e+03
   2.7190000e+03
   2.7400000e+03
   2.7500000e+03
   2.7670000e+03
   2.7740000e+03
   2.7860000e+03
   2.8360000e+03
   2.8520000e+03
   2.8720000e+03
   2.8870000e+03
   2.9680000e+03
   3.0820000e+03
   3.0950000e+03
   3.1060000e+03
   3.1140000e+03
   3.1250000e+03
   3.1330000e+03
   3.1470000e+03
   3.1580000e+03
   3.1750000e+03
   3.1990000e+03
   3.2160000e+03
   3.2280000e+03
   3.2430000e+03
   3.2570000e+03
   3.2680000e+03
   3.2740000e+03
   3.2910000e+03
   3.3040000e+03
   3.3110000e+03
   3.3260000e+03
   3.3410000e+03
   3.3540000e+03
   3.3640000e+03
   3.3790000e+03
   3.3870000e+03
   3.3980000e+03
   3.4130000e+03
   3.4260000e+03
   3.4380000e+03
   3.4550000e+03
   3.4730000e+03
   3.4900000e+03
   3.5180000e+03
   3.5300000e+03
   3.5390000e+03
   3.5520000e+03
   3.5810000e+03
   3.7980000e+03
   3.8050000e+03
   3.8140000e+03
   3.8170000e+03
   3.8250000e+03
   3.8340000e+03
   3.8540000e+03
   3.8740000e+03
   3.8950000e+03
   3.9100000e+03
   3.9740000e+03
   4.0020000e+03
   4.0090000e+03
   4.0190000e+03
   4.0300000e+03
   4.0420000e+03
   4.0560000e+03
   4.0720000e+03
   4.0830000e+03
   4.1050000e+03
   4.1170000e+03
   4.1300000e+03
   4.1390000e+03
   4.1470000e+03
   4.1650000e+03
   4.2000000e+03
   4.2180000e+03
   4.2300000e+03
   4.2470000e+03
   4.2590000e+03
   4.2680000e+03
   4.2810000e+03
   4.2930000e+03
   4.3000000e+03
   4.3310000e+03
   4.4290000e+03
   4.4370000e+03
   4.4470000e+03
   4.4560000e+03
   4.4690000e+03
   4.4810000e+03
   4.4960000e+03
   4.5260000e+03
   4.5500000e+03
   4.5610000e+03
   4.5870000e+03
   4.6400000e+03
   4.6480000e+03
   4.6590000e+03
   4.6710000e+03
   4.6880000e+03
   4.7010000e+03
   4.7340000e+03
   4.7700000e+03
   4.7790000e+03
   4.7960000e+03
   4.8050000e+03
   4.8170000e+03
   4.8230000e+03
   4.8310000e+03
   4.8440000e+03
   4.8530000e+03
   4.8640000e+03
   4.8710000e+03
   4.8850000e+03
   4.8980000e+03
   4.9500000e+03
   5.1620000e+03
   5.1770000e+03
   5.3300000e+03
   5.3520000e+03
   5.3630000e+03
   5.3760000e+03
   5.3890000e+03
   5.3930000e+03
   5.4030000e+03
   5.4130000e+03
   5.4400000e+03
   5.5970000e+03
   5.6160000e+03
   5.6270000e+03
   5.6400000e+03
   5.6530000e+03
   5.6720000e+03
   5.7760000e+03
   5.8040000e+03
   5.8110000e+03
   5.8230000e+03
   5.8310000e+03
   5.8420000e+03
   5.8550000e+03
   5.8670000e+03
   5.8730000e+03
   5.8840000e+03
   5.8910000e+03
   5.8960000e+03
   5.9030000e+03
   5.9180000e+03
   5.9300000e+03
   5.9420000e+03
   5.9530000e+03
   5.9580000e+03
   5.9690000e+03
   5.9780000e+03
   5.9830000e+03
   5.9910000e+03
   6.0010000e+03
   6.0170000e+03
   6.0340000e+03
   6.0500000e+03
   6.0600000e+03
   6.0730000e+03
   6.0920000e+03
   6.1390000e+03
   6.3390000e+03
   6.3560000e+03
   6.4260000e+03
   6.4670000e+03
   6.4940000e+03
   6.5010000e+03
   6.5110000e+03
   6.5280000e+03
   6.5410000e+03
   6.5490000e+03
   6.5790000e+03
   6.6050000e+03
   6.6340000e+03
   6.6500000e+03
   6.7230000e+03
   6.7350000e+03
   6.7840000e+03
   6.8830000e+03
   6.9090000e+03
   6.9220000e+03
   6.9340000e+03
   6.9450000e+03
   6.9650000e+03
   6.9820000e+03
   6.9930000e+03
   6.9980000e+03
   7.0050000e+03
   7.0130000e+03
   7.0230000e+03
   7.0300000e+03
   7.0420000e+03
   7.0640000e+03
   7.1300000e+03
   7.2520000e+03
   7.2620000e+03
   7.2980000e+03
   7.3130000e+03
   7.3470000e+03
   7.3720000e+03
   7.3970000e+03
   7.4050000e+03
   7.4210000e+03
   7.4350000e+03
   7.4500000e+03
   7.4690000e+03
   7.4850000e+03
   7.4930000e+03
   7.5080000e+03
   7.5400000e+03
   7.5520000e+03
   7.5630000e+03
   7.5840000e+03
   7.6370000e+03
   7.9780000e+03
   7.9940000e+03
   8.0100000e+03
   8.0220000e+03
   8.0420000e+03
   8.1480000e+03
   8.1540000e+03
   8.1640000e+03
   8.1730000e+03
   8.1770000e+03
   8.1830000e+03
   8.1880000e+03
   8.1940000e+03
   8.1990000e+03
   8.2080000e+03
   8.2160000e+03
   8.2270000e+03
   8.2370000e+03
   8.2610000e+03
   8.3450000e+03
   8.3550000e+03
   8.3660000e+03
   8.3830000e+03
   8.5600000e+03
   8.5730000e+03
   8.5950000e+03
   8.6190000e+03
   8.6890000e+03
   8.8600000e+03
   8.8700000e+03
   8.8790000e+03
   8.8900000e+03
   8.8960000e+03
   8.9060000e+03
   8.9140000e+03
   8.9240000e+03
   8.9390000e+03
   8.9480000e+03
   8.9670000e+03
   9.0030000e+03
   9.0220000e+03
   9.0540000e+03
   9.0940000e+03
   9.1100000e+03
   9.1220000e+03
   9.1310000e+03
   9.1410000e+03
   9.1530000e+03
   9.1660000e+03
   9.1860000e+03
   9.1980000e+03
   9.2830000e+03
   9.2920000e+03
   9.2980000e+03
   9.5250000e+03
   9.5780000e+03
   9.5980000e+03
   9.6100000e+03
   9.6290000e+03
   9.6380000e+03
   9.7710000e+03
   9.8670000e+03
   9.8720000e+03
   9.8850000e+03
   9.9130000e+03
