   1.4800000e+02
   1.5900000e+02
   1.6500000e+02
   1.6900000e+02
   1.7600000e+02
   1.8000000e+02
   1.8400000e+02
   1.8900000e+02
   1.9500000e+02
   2.0300000e+02
   2.1100000e+02
   2.2300000e+02
   2.3900000e+02
   3.9800000e+02
   4.1600000e+02
   4.2400000e+02
   4.3400000e+02
   4.5000000e+02
   4.6000000e+02
   5.4200000e+02
   5.5200000e+02
   5.7200000e+02
   6.0100000e+02
   8.7300000e+02
   8.8400000e+02
   8.9500000e+02
   9.0300000e+02
   9.0900000e+02
   9.1400000e+02
   9.1800000e+02
   9.2400000e+02
   9.3000000e+02
   9.4000000e+02
   9.5400000e+02
   9.6500000e+02
   1.2020000e+03
   1.2310000e+03
   1.2440000e+03
   1.2500000e+03
   1.2540000e+03
   1.2620000e+03
   1.2680000e+03
   1.2740000e+03
   1.2970000e+03
   1.4360000e+03
   1.5760000e+03
   1.5980000e+03
   1.9480000e+03
   1.9610000e+03
   1.9670000e+03
   1.9780000e+03
   1.9840000e+03
   1.9910000e+03
   1.9960000e+03
   2.0010000e+03
   2.0080000e+03
   2.0160000e+03
   2.0220000e+03
   2.0280000e+03
   2.0370000e+03
   2.0520000e+03
   2.0670000e+03
   2.0850000e+03
   2.0990000e+03
   2.1060000e+03
   2.1160000e+03
   2.1250000e+03
   2.1680000e+03
   2.1830000e+03
   2.1900000e+03
   2.2190000e+03
   2.2360000e+03
   2.2580000e+03
   2.2680000e+03
   2.2780000e+03
   2.2920000e+03
   2.3050000e+03
   2.3120000e+03
   2.3180000e+03
   2.3260000e+03
   2.3340000e+03
   2.3560000e+03
   2.3650000e+03
   2.3800000e+03
   2.3920000e+03
   2.4100000e+03
   2.4230000e+03
   2.5590000e+03
   2.5740000e+03
   2.6320000e+03
   2.6420000e+03
   2.6550000e+03
   2.6650000e+03
   2.6810000e+03
   2.6950000e+03
   2.7100000e+03
   2.7490000e+03
   2.7690000e+03
   2.7870000e+03
   3.0880000e+03
   3.0930000e+03
   3.1000000e+03
   3.1120000e+03
   3.1220000e+03
   3.1290000e+03
   3.1390000e+03
   3.1580000e+03
   3.1780000e+03
   3.2250000e+03
   3.2450000e+03
   3.2590000e+03
   3.2700000e+03
   3.2790000e+03
   3.3040000e+03
   3.3150000e+03
   3.3310000e+03
   3.3430000e+03
   3.3550000e+03
   3.3630000e+03
   3.3790000e+03
   3.3910000e+03
   3.4030000e+03
   3.4200000e+03
   3.4300000e+03
   3.4460000e+03
   3.4570000e+03
   3.4680000e+03
   3.5490000e+03
   3.8010000e+03
   3.8060000e+03
   3.8120000e+03
   3.8140000e+03
   3.8210000e+03
   3.8320000e+03
   3.8430000e+03
   3.8690000e+03
   3.8840000e+03
   4.0160000e+03
   4.0240000e+03
   4.0360000e+03
   4.0430000e+03
   4.0780000e+03
   4.0960000e+03
   4.1130000e+03
   4.1230000e+03
   4.1330000e+03
   4.1420000e+03
   4.1550000e+03
   4.1660000e+03
   4.1870000e+03
   4.2060000e+03
   4.2240000e+03
   4.2300000e+03
   4.2490000e+03
   4.2620000e+03
   4.2730000e+03
   4.2960000e+03
   4.4470000e+03
   4.4570000e+03
   4.4640000e+03
   4.4730000e+03
   4.4860000e+03
   4.4980000e+03
   4.5080000e+03
   4.5280000e+03
   4.5370000e+03
   4.5550000e+03
   4.5750000e+03
   4.6580000e+03
   4.6670000e+03
   4.6830000e+03
   4.7870000e+03
   4.8010000e+03
   4.8100000e+03
   4.8200000e+03
   4.8290000e+03
   4.8390000e+03
   4.8520000e+03
   4.8710000e+03
   4.8810000e+03
   5.0970000e+03
   5.1530000e+03
   5.6290000e+03
   5.6420000e+03
   5.6510000e+03
   5.6700000e+03
   5.6830000e+03
   5.7050000e+03
   5.7850000e+03
   5.7920000e+03
   5.8170000e+03
   5.8310000e+03
   5.8390000e+03
   5.8520000e+03
   5.8730000e+03
   5.8860000e+03
   5.9060000e+03
   5.9140000e+03
   5.9240000e+03
   5.9300000e+03
   5.9420000e+03
   5.9490000e+03
   5.9570000e+03
   5.9690000e+03
   6.0250000e+03
   6.0300000e+03
   6.0620000e+03
   6.1650000e+03
   6.1940000e+03
   6.2120000e+03
   6.3200000e+03
   6.3920000e+03
   6.4150000e+03
   6.4300000e+03
   6.4460000e+03
   6.4560000e+03
   6.4710000e+03
   6.4840000e+03
   6.4940000e+03
   6.5140000e+03
   6.5200000e+03
   6.5300000e+03
   6.5440000e+03
   6.5500000e+03
   6.5600000e+03
   6.5740000e+03
   6.5840000e+03
   6.5920000e+03
   6.6030000e+03
   6.6140000e+03
   6.6250000e+03
   6.6370000e+03
   6.6480000e+03
   6.6560000e+03
   6.6730000e+03
   6.6870000e+03
   6.7020000e+03
   6.7770000e+03
   6.7970000e+03
   6.8750000e+03
   6.9120000e+03
   6.9290000e+03
   6.9430000e+03
   7.1140000e+03
   7.2260000e+03
   7.2490000e+03
   7.3370000e+03
   7.3480000e+03
   7.3600000e+03
   7.3690000e+03
   7.5910000e+03
   7.7940000e+03
   7.8110000e+03
   7.8160000e+03
   7.8240000e+03
   7.8290000e+03
   7.8350000e+03
   7.8420000e+03
   7.8460000e+03
   7.8540000e+03
   7.8640000e+03
   7.8780000e+03
   7.8880000e+03
   7.8980000e+03
   7.9160000e+03
   7.9320000e+03
   7.9430000e+03
   7.9580000e+03
   7.9680000e+03
   8.0200000e+03
   8.1840000e+03
   8.1920000e+03
   8.2160000e+03
   8.2400000e+03
   8.3550000e+03
   8.5020000e+03
   8.5120000e+03
   8.5220000e+03
   8.5300000e+03
   8.5580000e+03
   8.5770000e+03
   8.9780000e+03
   8.9860000e+03
   8.9950000e+03
   9.0050000e+03
   9.0160000e+03
   9.0260000e+03
   9.0320000e+03
   9.0390000e+03
   9.0530000e+03
   9.0670000e+03
   9.0750000e+03
   9.0860000e+03
   9.1000000e+03
   9.1160000e+03
   9.1290000e+03
   9.4130000e+03
   9.5350000e+03
   9.5710000e+03
   9.5780000e+03
   9.5900000e+03
   9.6000000e+03
   9.6110000e+03
   9.6300000e+03
   9.6480000e+03
   9.6660000e+03
   9.6810000e+03
   9.6950000e+03
   9.7080000e+03
   9.7510000e+03
   9.7690000e+03
   9.7820000e+03
   9.7940000e+03
   9.8250000e+03
   9.8580000e+03
   9.8780000e+03
   9.8890000e+03
   9.8980000e+03
   9.9110000e+03
   9.9290000e+03
