   1.4400000e+02
   1.5600000e+02
   1.6100000e+02
   1.7000000e+02
   1.7400000e+02
   1.8200000e+02
   1.9300000e+02
   2.0000000e+02
   2.1000000e+02
   2.2100000e+02
   2.4700000e+02
   3.9900000e+02
   4.1700000e+02
   4.3600000e+02
   4.4700000e+02
   4.5500000e+02
   4.6300000e+02
   4.7100000e+02
   4.8500000e+02
   5.0800000e+02
   5.3000000e+02
   5.5300000e+02
   8.9100000e+02
   8.9600000e+02
   9.0400000e+02
   9.1100000e+02
   9.2100000e+02
   9.2800000e+02
   9.3700000e+02
   9.5300000e+02
   9.6400000e+02
   9.9400000e+02
   1.2030000e+03
   1.2220000e+03
   1.2380000e+03
   1.2490000e+03
   1.2570000e+03
   1.2700000e+03
   1.4490000e+03
   1.5030000e+03
   1.5760000e+03
   1.9490000e+03
   1.9670000e+03
   1.9750000e+03
   1.9840000e+03
   1.9900000e+03
   1.9980000e+03
   2.0010000e+03
   2.0120000e+03
   2.0190000e+03
   2.0310000e+03
   2.0410000e+03
   2.0490000e+03
   2.0640000e+03
   2.0930000e+03
   2.1090000e+03
   2.1160000e+03
   2.1360000e+03
   2.1480000e+03
   2.1760000e+03
   2.1890000e+03
   2.2030000e+03
   2.2160000e+03
   2.2280000e+03
   2.2410000e+03
   2.2630000e+03
   2.2700000e+03
   2.2810000e+03
   2.2950000e+03
   2.3090000e+03
   2.3190000e+03
   2.3300000e+03
   2.3350000e+03
   2.3470000e+03
   2.3610000e+03
   2.3690000e+03
   2.3810000e+03
   2.4040000e+03
   2.4230000e+03
   2.5570000e+03
   2.5640000e+03
   2.5860000e+03
   2.6120000e+03
   2.6330000e+03
   2.6440000e+03
   2.6660000e+03
   2.7500000e+03
   2.7580000e+03
   2.7990000e+03
   2.8340000e+03
   2.8740000e+03
   3.1010000e+03
   3.1120000e+03
   3.1330000e+03
   3.1420000e+03
   3.2120000e+03
   3.2320000e+03
   3.2570000e+03
   3.2710000e+03
   3.2800000e+03
   3.2950000e+03
   3.3200000e+03
   3.3330000e+03
   3.3600000e+03
   3.3670000e+03
   3.3770000e+03
   3.3850000e+03
   3.3930000e+03
   3.4050000e+03
   3.4160000e+03
   3.4310000e+03
   3.4410000e+03
   3.4560000e+03
   3.5280000e+03
   3.5370000e+03
   3.5500000e+03
   3.8090000e+03
   3.8320000e+03
   3.8410000e+03
   3.8570000e+03
   3.8650000e+03
   3.8840000e+03
   3.9420000e+03
   3.9860000e+03
   4.0230000e+03
   4.0300000e+03
   4.0390000e+03
   4.0610000e+03
   4.0840000e+03
   4.1060000e+03
   4.1200000e+03
   4.1350000e+03
   4.1400000e+03
   4.1530000e+03
   4.1670000e+03
   4.2290000e+03
   4.2440000e+03
   4.2550000e+03
   4.2630000e+03
   4.2790000e+03
   4.2920000e+03
   4.2990000e+03
   4.3170000e+03
   4.4430000e+03
   4.4510000e+03
   4.4650000e+03
   4.4770000e+03
   4.4880000e+03
   4.5160000e+03
   4.5400000e+03
   4.5810000e+03
   4.6280000e+03
   4.6570000e+03
   4.6780000e+03
   4.7310000e+03
   4.7820000e+03
   4.7920000e+03
   4.8040000e+03
   4.8150000e+03
   4.8250000e+03
   4.8380000e+03
   4.8490000e+03
   4.8610000e+03
   4.8700000e+03
   4.8810000e+03
   4.8970000e+03
   5.0800000e+03
   5.0980000e+03
   5.1490000e+03
   5.1840000e+03
   5.2520000e+03
   5.2760000e+03
   5.4160000e+03
   5.4230000e+03
   5.4290000e+03
   5.4390000e+03
   5.4490000e+03
   5.4680000e+03
   5.4850000e+03
   5.5130000e+03
   5.5250000e+03
   5.5370000e+03
   5.5480000e+03
   5.5800000e+03
   5.7530000e+03
   5.7950000e+03
   5.8020000e+03
   5.8140000e+03
   5.8220000e+03
   5.8380000e+03
   5.8710000e+03
   5.8840000e+03
   5.9370000e+03
   5.9490000e+03
   5.9680000e+03
   5.9860000e+03
   6.0120000e+03
   6.0300000e+03
   6.0960000e+03
   6.1060000e+03
   6.2090000e+03
   6.2200000e+03
   6.2410000e+03
   6.3080000e+03
   6.3270000e+03
   6.3390000e+03
   6.3690000e+03
   6.3970000e+03
   6.4380000e+03
   6.4560000e+03
   6.4680000e+03
   6.4800000e+03
   6.5010000e+03
   6.5240000e+03
   6.5390000e+03
   6.5520000e+03
   6.5940000e+03
   6.6270000e+03
   6.6830000e+03
   6.9220000e+03
   6.9350000e+03
   6.9450000e+03
   6.9540000e+03
   6.9720000e+03
   6.9780000e+03
   6.9860000e+03
   6.9920000e+03
   6.9980000e+03
   7.0020000e+03
   7.0090000e+03
   7.0200000e+03
   7.0270000e+03
   7.0330000e+03
   7.0450000e+03
   7.0650000e+03
   7.0800000e+03
   7.1810000e+03
   7.1970000e+03
   7.2900000e+03
   7.3000000e+03
   7.3740000e+03
   7.4030000e+03
   7.4200000e+03
   7.4380000e+03
   7.4450000e+03
   7.4530000e+03
   7.4610000e+03
   7.4690000e+03
   7.4780000e+03
   7.4860000e+03
   7.4950000e+03
   7.5000000e+03
   7.5140000e+03
   7.5250000e+03
   7.5350000e+03
   7.5560000e+03
   7.5810000e+03
   7.5910000e+03
   7.6190000e+03
   7.6420000e+03
   7.6560000e+03
   7.6840000e+03
   7.7480000e+03
   7.9360000e+03
   7.9480000e+03
   7.9570000e+03
   7.9730000e+03
   8.0000000e+03
   8.0190000e+03
   8.0280000e+03
   8.0370000e+03
   8.0460000e+03
   8.0750000e+03
   8.0960000e+03
   8.1310000e+03
   8.1490000e+03
   8.1610000e+03
   8.1780000e+03
   8.1900000e+03
   8.2120000e+03
   8.2200000e+03
   8.2350000e+03
   8.2550000e+03
   8.2670000e+03
   8.2750000e+03
   8.2850000e+03
   8.2980000e+03
   8.3100000e+03
   8.3230000e+03
   8.3340000e+03
   8.3480000e+03
   8.3700000e+03
   8.3820000e+03
   8.6420000e+03
   8.6500000e+03
   8.6630000e+03
   8.6940000e+03
   8.7100000e+03
   9.0900000e+03
   9.2310000e+03
   9.2450000e+03
   9.2650000e+03
   9.2770000e+03
   9.2870000e+03
   9.2920000e+03
   9.2990000e+03
   9.3030000e+03
   9.3100000e+03
   9.3180000e+03
   9.3290000e+03
   9.3370000e+03
   9.3470000e+03
   9.3650000e+03
   9.3840000e+03
   9.3910000e+03
   9.4020000e+03
   9.4060000e+03
   9.4170000e+03
   9.4290000e+03
   9.4530000e+03
   9.4600000e+03
   9.4730000e+03
   9.4810000e+03
   9.4990000e+03
   9.5130000e+03
   9.5410000e+03
   9.5550000e+03
   9.5730000e+03
   9.5920000e+03
   9.6620000e+03
   9.6740000e+03
   9.6880000e+03
   9.7080000e+03
   9.7740000e+03
   9.7870000e+03
   9.7950000e+03
   9.8340000e+03
   9.8490000e+03
   9.8680000e+03
   9.8830000e+03
   9.8930000e+03
   9.9080000e+03
   9.9210000e+03
   9.9550000e+03
   9.9790000e+03
