   4.0000000e+01
   1.4500000e+02
   1.5500000e+02
   1.6200000e+02
   1.7100000e+02
   1.7400000e+02
   1.7800000e+02
   1.8600000e+02
   1.9900000e+02
   2.0500000e+02
   2.1300000e+02
   2.3100000e+02
   3.9200000e+02
   4.0000000e+02
   4.1600000e+02
   4.3000000e+02
   4.4300000e+02
   4.5500000e+02
   4.6000000e+02
   4.6700000e+02
   4.8600000e+02
   5.0200000e+02
   5.3100000e+02
   5.5300000e+02
   5.6500000e+02
   6.4300000e+02
   8.6400000e+02
   8.8200000e+02
   8.9500000e+02
   9.0100000e+02
   9.0800000e+02
   9.1500000e+02
   9.2000000e+02
   9.2700000e+02
   9.3200000e+02
   9.4700000e+02
   9.6300000e+02
   9.9600000e+02
   1.1980000e+03
   1.2200000e+03
   1.2330000e+03
   1.2460000e+03
   1.2510000e+03
   1.2590000e+03
   1.2630000e+03
   1.2820000e+03
   1.3720000e+03
   1.3810000e+03
   1.4170000e+03
   1.4520000e+03
   1.4620000e+03
   1.5020000e+03
   1.5750000e+03
   1.5910000e+03
   1.9420000e+03
   1.9510000e+03
   1.9610000e+03
   1.9690000e+03
   1.9810000e+03
   1.9880000e+03
   1.9950000e+03
   2.0010000e+03
   2.0090000e+03
   2.0180000e+03
   2.0300000e+03
   2.0380000e+03
   2.0550000e+03
   2.0720000e+03
   2.0910000e+03
   2.1020000e+03
   2.1180000e+03
   2.1250000e+03
   2.1340000e+03
   2.1510000e+03
   2.1690000e+03
   2.1880000e+03
   2.1920000e+03
   2.2000000e+03
   2.2240000e+03
   2.2440000e+03
   2.2660000e+03
   2.2720000e+03
   2.2830000e+03
   2.2940000e+03
   2.3080000e+03
   2.3190000e+03
   2.3310000e+03
   2.3360000e+03
   2.3500000e+03
   2.3540000e+03
   2.3670000e+03
   2.3800000e+03
   2.3980000e+03
   2.4110000e+03
   2.4230000e+03
   2.4440000e+03
   2.5540000e+03
   2.5610000e+03
   2.5940000e+03
   2.6340000e+03
   2.6500000e+03
   2.6630000e+03
   2.6950000e+03
   2.7170000e+03
   2.7370000e+03
   2.7490000e+03
   2.7620000e+03
   2.7750000e+03
   2.7930000e+03
   2.8560000e+03
   2.8740000e+03
   2.8890000e+03
   3.0840000e+03
   3.0900000e+03
   3.0970000e+03
   3.1070000e+03
   3.1150000e+03
   3.1320000e+03
   3.1450000e+03
   3.1780000e+03
   3.2040000e+03
   3.2220000e+03
   3.2350000e+03
   3.2670000e+03
   3.2810000e+03
   3.2870000e+03
   3.3090000e+03
   3.3270000e+03
   3.3550000e+03
   3.3660000e+03
   3.3820000e+03
   3.3900000e+03
   3.4000000e+03
   3.4230000e+03
   3.4460000e+03
   3.4530000e+03
   3.4730000e+03
   3.5170000e+03
   3.5260000e+03
   3.5410000e+03
   3.5560000e+03
   3.5790000e+03
   3.7980000e+03
   3.8050000e+03
   3.8120000e+03
   3.8180000e+03
   3.8370000e+03
   3.8490000e+03
   3.8600000e+03
   3.9060000e+03
   3.9570000e+03
   4.0150000e+03
   4.0240000e+03
   4.0420000e+03
   4.0690000e+03
   4.0830000e+03
   4.1020000e+03
   4.1140000e+03
   4.1300000e+03
   4.1400000e+03
   4.1530000e+03
   4.2090000e+03
   4.2280000e+03
   4.2330000e+03
   4.2480000e+03
   4.2720000e+03
   4.2810000e+03
   4.2950000e+03
   4.3120000e+03
   4.4440000e+03
   4.4520000e+03
   4.4660000e+03
   4.4750000e+03
   4.4910000e+03
   4.5010000e+03
   4.5250000e+03
   4.5380000e+03
   4.5620000e+03
   4.6390000e+03
   4.6490000e+03
   4.6650000e+03
   4.6760000e+03
   4.7700000e+03
   4.7900000e+03
   4.8000000e+03
   4.8110000e+03
   4.8190000e+03
   4.8290000e+03
   4.8400000e+03
   4.8480000e+03
   4.8600000e+03
   4.8680000e+03
   4.8790000e+03
   4.9540000e+03
   5.0510000e+03
   5.0590000e+03
   5.0720000e+03
   5.1120000e+03
   5.1200000e+03
   5.1340000e+03
   5.1400000e+03
   5.1530000e+03
   5.1610000e+03
   5.1670000e+03
   5.1750000e+03
   5.1840000e+03
   5.1940000e+03
   5.2040000e+03
   5.2110000e+03
   5.2260000e+03
   5.2440000e+03
   5.2620000e+03
   5.2720000e+03
   5.2810000e+03
   5.9350000e+03
   5.9420000e+03
   5.9500000e+03
   5.9570000e+03
   5.9650000e+03
   5.9710000e+03
   5.9780000e+03
   6.0080000e+03
   6.0750000e+03
   6.0940000e+03
   6.2020000e+03
   6.2190000e+03
   6.2260000e+03
   6.2320000e+03
   6.2430000e+03
   6.2490000e+03
   6.2560000e+03
   6.2760000e+03
   6.3060000e+03
   6.3490000e+03
   6.3570000e+03
   6.3880000e+03
   6.4020000e+03
   6.4920000e+03
   6.5070000e+03
   6.5240000e+03
   6.5360000e+03
   6.5450000e+03
   6.5600000e+03
   6.5940000e+03
   6.6240000e+03
   6.6350000e+03
   6.6460000e+03
   6.6580000e+03
   6.6710000e+03
   6.6850000e+03
   6.7310000e+03
   6.7420000e+03
   6.7580000e+03
   6.7770000e+03
   6.7950000e+03
   6.8270000e+03
   6.8370000e+03
   6.8500000e+03
   6.8550000e+03
   6.8650000e+03
   6.8710000e+03
   6.8860000e+03
   6.9030000e+03
   6.9190000e+03
   6.9340000e+03
   7.0880000e+03
   7.1010000e+03
   7.1110000e+03
   7.1210000e+03
   7.1330000e+03
   7.1480000e+03
   7.1680000e+03
   7.3040000e+03
   7.7630000e+03
   7.7660000e+03
   7.7720000e+03
   7.7790000e+03
   7.7990000e+03
   7.8100000e+03
   8.1060000e+03
   8.1140000e+03
   8.1210000e+03
   8.1380000e+03
   8.1460000e+03
   8.1540000e+03
   8.1640000e+03
   8.1700000e+03
   8.1750000e+03
   8.1850000e+03
   8.1930000e+03
   8.2000000e+03
   8.2110000e+03
   8.2170000e+03
   8.2290000e+03
   8.2420000e+03
   8.2530000e+03
   8.2590000e+03
   8.2750000e+03
   8.2920000e+03
   8.3030000e+03
   8.3130000e+03
   8.3360000e+03
   8.3450000e+03
   8.3520000e+03
   8.3670000e+03
   8.3860000e+03
   8.4350000e+03
   8.4540000e+03
   8.4970000e+03
   8.5210000e+03
   8.5240000e+03
   8.5350000e+03
   8.5470000e+03
   8.5610000e+03
   8.5710000e+03
   8.5870000e+03
   8.6010000e+03
   8.6260000e+03
   8.6480000e+03
   8.6690000e+03
   8.6910000e+03
   8.7180000e+03
   8.7320000e+03
   8.7570000e+03
   8.7750000e+03
   8.7850000e+03
   8.7940000e+03
   8.7990000e+03
   8.8080000e+03
   8.8130000e+03
   8.8270000e+03
   8.8310000e+03
   8.8480000e+03
   8.8540000e+03
   8.8710000e+03
   8.8910000e+03
   8.9120000e+03
   9.1050000e+03
   9.1200000e+03
   9.1540000e+03
   9.1690000e+03
   9.1950000e+03
   9.4220000e+03
   9.4540000e+03
   9.4660000e+03
   9.4730000e+03
   9.4770000e+03
   9.4870000e+03
   9.4920000e+03
   9.4990000e+03
   9.5070000e+03
   9.5180000e+03
   9.5330000e+03
   9.5430000e+03
   9.5560000e+03
   9.5690000e+03
   9.5760000e+03
   9.5840000e+03
   9.5930000e+03
   9.6040000e+03
   9.6090000e+03
   9.6270000e+03
   9.6420000e+03
   9.6570000e+03
   9.6740000e+03
   9.7070000e+03
   9.7240000e+03
   9.7500000e+03
   9.9170000e+03
   9.9300000e+03
   9.9450000e+03
   9.9610000e+03
   9.9710000e+03
   9.9810000e+03
   9.9860000e+03
   9.9930000e+03
   9.9980000e+03
   1.0009000e+04
   1.0016000e+04
   1.0026000e+04
