   1.3000000e+02
   1.4200000e+02
   1.5000000e+02
   1.5800000e+02
   1.6400000e+02
   1.6900000e+02
   1.7700000e+02
   1.8100000e+02
   1.8600000e+02
   1.9400000e+02
   2.0000000e+02
   2.0600000e+02
   2.1600000e+02
   2.2900000e+02
   2.5600000e+02
   3.9600000e+02
   4.0300000e+02
   4.0900000e+02
   4.3000000e+02
   4.4000000e+02
   4.5000000e+02
   4.6200000e+02
   4.6900000e+02
   4.8900000e+02
   5.1800000e+02
   5.3700000e+02
   5.4700000e+02
   5.6600000e+02
   8.6300000e+02
   8.7400000e+02
   8.8100000e+02
   8.9400000e+02
   9.0000000e+02
   9.0400000e+02
   9.1100000e+02
   9.1800000e+02
   9.2200000e+02
   9.2900000e+02
   9.3300000e+02
   9.4100000e+02
   9.5800000e+02
   9.8500000e+02
   1.1890000e+03
   1.2020000e+03
   1.2250000e+03
   1.2400000e+03
   1.2450000e+03
   1.2530000e+03
   1.2600000e+03
   1.2710000e+03
   1.2810000e+03
   1.2890000e+03
   1.3860000e+03
   1.4200000e+03
   1.4450000e+03
   1.4730000e+03
   1.5050000e+03
   1.5710000e+03
   1.5820000e+03
   1.5960000e+03
   1.9410000e+03
   1.9480000e+03
   1.9550000e+03
   1.9640000e+03
   1.9730000e+03
   1.9810000e+03
   1.9870000e+03
   1.9940000e+03
   1.9990000e+03
   2.0060000e+03
   2.0140000e+03
   2.0250000e+03
   2.0350000e+03
   2.0540000e+03
   2.0770000e+03
   2.1030000e+03
   2.1110000e+03
   2.1180000e+03
   2.1280000e+03
   2.1340000e+03
   2.1560000e+03
   2.1700000e+03
   2.1800000e+03
   2.1890000e+03
   2.2060000e+03
   2.2200000e+03
   2.2410000e+03
   2.2560000e+03
   2.2650000e+03
   2.2700000e+03
   2.2930000e+03
   2.3030000e+03
   2.3140000e+03
   2.3220000e+03
   2.3280000e+03
   2.3470000e+03
   2.3550000e+03
   2.3640000e+03
   2.3730000e+03
   2.3930000e+03
   2.4060000e+03
   2.4410000e+03
   2.5540000e+03
   2.5680000e+03
   2.6160000e+03
   2.6290000e+03
   2.6360000e+03
   2.6440000e+03
   2.6550000e+03
   2.6630000e+03
   2.6840000e+03
   2.7420000e+03
   2.7570000e+03
   2.7630000e+03
   2.7760000e+03
   2.8720000e+03
   3.0800000e+03
   3.0860000e+03
   3.0930000e+03
   3.1020000e+03
   3.1130000e+03
   3.1200000e+03
   3.1340000e+03
   3.1420000e+03
   3.1700000e+03
   3.2180000e+03
   3.2340000e+03
   3.2550000e+03
   3.2700000e+03
   3.2750000e+03
   3.2950000e+03
   3.3090000e+03
   3.3270000e+03
   3.3510000e+03
   3.3600000e+03
   3.3650000e+03
   3.3810000e+03
   3.3870000e+03
   3.3980000e+03
   3.4130000e+03
   3.4220000e+03
   3.4340000e+03
   3.4460000e+03
   3.4510000e+03
   3.4720000e+03
   3.5090000e+03
   3.5280000e+03
   3.5410000e+03
   3.5490000e+03
   3.5700000e+03
   3.8010000e+03
   3.8050000e+03
   3.8140000e+03
   3.8210000e+03
   3.8310000e+03
   3.8520000e+03
   3.8690000e+03
   3.9370000e+03
   3.9630000e+03
   4.0050000e+03
   4.0080000e+03
   4.0230000e+03
   4.0320000e+03
   4.0430000e+03
   4.0710000e+03
   4.0780000e+03
   4.1090000e+03
   4.1210000e+03
   4.1330000e+03
   4.1440000e+03
   4.1530000e+03
   4.1830000e+03
   4.1980000e+03
   4.2240000e+03
   4.2370000e+03
   4.2520000e+03
   4.2690000e+03
   4.2770000e+03
   4.2990000e+03
   4.4450000e+03
   4.4510000e+03
   4.4600000e+03
   4.4680000e+03
   4.4790000e+03
   4.4920000e+03
   4.5280000e+03
   4.5380000e+03
   4.5480000e+03
   4.5660000e+03
   4.6530000e+03
   4.6630000e+03
   4.6810000e+03
   4.7840000e+03
   4.7930000e+03
   4.8060000e+03
   4.8140000e+03
   4.8300000e+03
   4.8420000e+03
   4.8520000e+03
   4.8630000e+03
   4.8710000e+03
   4.8870000e+03
   5.0580000e+03
   5.0650000e+03
   5.0680000e+03
   5.0760000e+03
   5.0970000e+03
   5.1020000e+03
   5.1200000e+03
   5.2780000e+03
   5.2950000e+03
   5.3520000e+03
   5.3660000e+03
   5.3820000e+03
   5.4510000e+03
   5.4660000e+03
   5.5130000e+03
   5.5390000e+03
   5.5820000e+03
   5.5940000e+03
   5.6080000e+03
   5.6220000e+03
   5.6280000e+03
   5.6400000e+03
   5.6520000e+03
   5.6590000e+03
   5.6700000e+03
   5.6840000e+03
   5.7250000e+03
   5.7540000e+03
   5.7990000e+03
   5.8250000e+03
   5.8430000e+03
   5.8540000e+03
   5.8680000e+03
   5.8710000e+03
   5.8830000e+03
   5.8910000e+03
   5.9010000e+03
   5.9170000e+03
   5.9310000e+03
   5.9560000e+03
   5.9600000e+03
   6.2140000e+03
   6.3030000e+03
   6.5000000e+03
   6.5090000e+03
   6.5210000e+03
   6.6400000e+03
   6.6490000e+03
   6.6590000e+03
   6.6710000e+03
   6.6800000e+03
   6.6890000e+03
   6.7090000e+03
   6.7150000e+03
   6.7270000e+03
   6.7330000e+03
   6.7420000e+03
   6.7480000e+03
   6.7570000e+03
   6.7680000e+03
   6.7840000e+03
   6.7950000e+03
   6.8050000e+03
   6.8130000e+03
   6.8210000e+03
   6.8410000e+03
   6.8520000e+03
   6.8770000e+03
   6.8910000e+03
   6.8980000e+03
   6.9160000e+03
   6.9250000e+03
   6.9410000e+03
   6.9610000e+03
   6.9760000e+03
   6.9910000e+03
   6.9980000e+03
   7.0110000e+03
   7.0440000e+03
   7.0650000e+03
   7.0850000e+03
   7.1620000e+03
   7.1930000e+03
   7.2220000e+03
   7.2530000e+03
   7.2710000e+03
   7.2800000e+03
   7.3590000e+03
   7.5060000e+03
   7.5140000e+03
   7.6040000e+03
   7.6120000e+03
   7.6250000e+03
   7.6350000e+03
   7.6450000e+03
   7.6610000e+03
   7.6820000e+03
   7.6940000e+03
   7.7060000e+03
   7.7220000e+03
   7.7350000e+03
   7.7710000e+03
   7.7850000e+03
   7.8140000e+03
   7.8730000e+03
   7.8910000e+03
   7.9070000e+03
   7.9320000e+03
   8.1360000e+03
   8.1540000e+03
   8.1740000e+03
   8.2910000e+03
   8.2980000e+03
   8.3160000e+03
   8.3620000e+03
   8.3690000e+03
   8.3950000e+03
   8.4230000e+03
   8.4360000e+03
   8.4800000e+03
   8.4890000e+03
   8.4950000e+03
   8.5020000e+03
   8.5170000e+03
   8.5250000e+03
   8.5300000e+03
   8.5440000e+03
   8.5540000e+03
   8.5650000e+03
   8.5760000e+03
   8.5840000e+03
   8.5990000e+03
   8.6130000e+03
   8.7320000e+03
   8.9540000e+03
   8.9960000e+03
   9.2610000e+03
   9.2680000e+03
   9.2790000e+03
   9.2920000e+03
   9.3080000e+03
   9.3130000e+03
   9.3200000e+03
   9.3270000e+03
   9.3340000e+03
   9.3440000e+03
   9.3540000e+03
   9.3720000e+03
   9.3850000e+03
   9.3940000e+03
   9.4040000e+03
   9.4170000e+03
   9.4280000e+03
   9.4380000e+03
   9.4500000e+03
   9.4560000e+03
   9.4650000e+03
   9.4740000e+03
   9.4840000e+03
   9.4920000e+03
   9.4980000e+03
   9.5050000e+03
   9.5140000e+03
   9.5230000e+03
   9.5350000e+03
   9.5480000e+03
   9.5620000e+03
   9.6050000e+03
   9.6190000e+03
   9.6490000e+03
   9.6710000e+03
   9.6870000e+03
   9.6990000e+03
   9.7140000e+03
