   1.5300000e+02
   1.5700000e+02
   1.6200000e+02
   1.6700000e+02
   1.7300000e+02
   1.7900000e+02
   1.8300000e+02
   1.9200000e+02
   2.0200000e+02
   2.0700000e+02
   2.1500000e+02
   4.0600000e+02
   4.1900000e+02
   4.3200000e+02
   4.4400000e+02
   4.5800000e+02
   4.6900000e+02
   5.0500000e+02
   5.2700000e+02
   5.6400000e+02
   8.9600000e+02
   9.0100000e+02
   9.0800000e+02
   9.1400000e+02
   9.1800000e+02
   9.2400000e+02
   9.3100000e+02
   9.4600000e+02
   9.5400000e+02
   1.2400000e+03
   1.2500000e+03
   1.2570000e+03
   1.2630000e+03
   1.2800000e+03
   1.4240000e+03
   1.9550000e+03
   1.9610000e+03
   1.9790000e+03
   1.9910000e+03
   1.9940000e+03
   2.0010000e+03
   2.0090000e+03
   2.0240000e+03
   2.0350000e+03
   2.0470000e+03
   2.1060000e+03
   2.1140000e+03
   2.1260000e+03
   2.1390000e+03
   2.1710000e+03
   2.1840000e+03
   2.1950000e+03
   2.2010000e+03
   2.2230000e+03
   2.2410000e+03
   2.2580000e+03
   2.2750000e+03
   2.2860000e+03
   2.3020000e+03
   2.3080000e+03
   2.3180000e+03
   2.3290000e+03
   2.3360000e+03
   2.3470000e+03
   2.3590000e+03
   2.3650000e+03
   2.4260000e+03
   2.5610000e+03
   2.5780000e+03
   2.5990000e+03
   2.6600000e+03
   2.6770000e+03
   2.7520000e+03
   2.7620000e+03
   2.7760000e+03
   2.8120000e+03
   3.0890000e+03
   3.1000000e+03
   3.1150000e+03
   3.1270000e+03
   3.1350000e+03
   3.1550000e+03
   3.2160000e+03
   3.2230000e+03
   3.2330000e+03
   3.2550000e+03
   3.2670000e+03
   3.2760000e+03
   3.2940000e+03
   3.2990000e+03
   3.3220000e+03
   3.3410000e+03
   3.3590000e+03
   3.3650000e+03
   3.3810000e+03
   3.4160000e+03
   3.4270000e+03
   3.4580000e+03
   3.4830000e+03
   3.5510000e+03
   3.8100000e+03
   3.8190000e+03
   3.8230000e+03
   3.8370000e+03
   3.8530000e+03
   3.8690000e+03
   4.0030000e+03
   4.0180000e+03
   4.0290000e+03
   4.0410000e+03
   4.0550000e+03
   4.1200000e+03
   4.1330000e+03
   4.1470000e+03
   4.1680000e+03
   4.2220000e+03
   4.2360000e+03
   4.2520000e+03
   4.2740000e+03
   4.2870000e+03
   4.3010000e+03
   4.4470000e+03
   4.4680000e+03
   4.4800000e+03
   4.4960000e+03
   4.6470000e+03
   4.6560000e+03
   4.6680000e+03
   4.6820000e+03
   4.7900000e+03
   4.8050000e+03
   4.8130000e+03
   4.8230000e+03
   4.8320000e+03
   4.8440000e+03
   4.8560000e+03
   4.8710000e+03
   4.8810000e+03
   4.8930000e+03
   5.1150000e+03
   5.6520000e+03
   5.6760000e+03
   5.6840000e+03
   5.6920000e+03
   5.7050000e+03
   5.7090000e+03
   5.7160000e+03
   5.7230000e+03
   5.7270000e+03
   5.7290000e+03
   5.7550000e+03
   5.7660000e+03
   5.7750000e+03
   5.7860000e+03
   5.7960000e+03
   6.0850000e+03
   6.1160000e+03
   6.3560000e+03
   6.3640000e+03
   6.3780000e+03
   6.3890000e+03
   6.4050000e+03
   6.4150000e+03
   6.4610000e+03
   6.5090000e+03
   6.5180000e+03
   6.5290000e+03
   6.5360000e+03
   6.5660000e+03
   6.6050000e+03
   6.6150000e+03
   6.6290000e+03
   7.0150000e+03
   7.0270000e+03
   7.0450000e+03
   7.0590000e+03
   7.0760000e+03
   7.0840000e+03
   7.0920000e+03
   7.1060000e+03
   7.1100000e+03
   7.1170000e+03
   7.1250000e+03
   7.1400000e+03
   7.1460000e+03
   7.1550000e+03
   7.1650000e+03
   7.1800000e+03
   7.1940000e+03
   7.2050000e+03
   7.2200000e+03
   7.2430000e+03
   7.2890000e+03
   7.3000000e+03
   7.3220000e+03
   7.3320000e+03
   7.4840000e+03
   7.6890000e+03
   7.7080000e+03
   7.7150000e+03
   7.7280000e+03
   7.7320000e+03
   7.7410000e+03
   7.7680000e+03
   7.7750000e+03
   7.7870000e+03
   7.7930000e+03
   7.8060000e+03
   7.8150000e+03
   7.8280000e+03
   7.8390000e+03
   7.8510000e+03
   7.8600000e+03
   7.8710000e+03
   7.8860000e+03
   7.8950000e+03
   7.9040000e+03
   7.9120000e+03
   7.9380000e+03
   7.9820000e+03
   8.1310000e+03
   8.1450000e+03
   8.1710000e+03
   8.1830000e+03
   8.1960000e+03
   8.4860000e+03
   8.5680000e+03
   8.5840000e+03
   8.5970000e+03
   8.6100000e+03
   8.6190000e+03
   8.6310000e+03
   8.6430000e+03
   8.6470000e+03
   8.6590000e+03
   8.6720000e+03
   8.6910000e+03
   8.7060000e+03
   8.7150000e+03
   8.7490000e+03
   8.7640000e+03
   8.7800000e+03
   8.8090000e+03
   8.8230000e+03
   8.8680000e+03
   8.9360000e+03
   8.9490000e+03
   9.3860000e+03
   9.4760000e+03
   9.4870000e+03
   9.6850000e+03
   9.6930000e+03
   9.7010000e+03
   9.7090000e+03
   9.7180000e+03
   9.7300000e+03
   9.7520000e+03
   9.7710000e+03
   1.0030000e+04
