   1.1500000e+02
   1.5400000e+02
   1.6000000e+02
   1.6700000e+02
   1.7300000e+02
   1.7900000e+02
   1.8400000e+02
   1.8800000e+02
   1.9500000e+02
   2.0300000e+02
   2.1000000e+02
   2.1500000e+02
   2.2500000e+02
   2.3600000e+02
   2.5800000e+02
   3.9400000e+02
   4.0000000e+02
   4.2400000e+02
   4.3500000e+02
   4.4300000e+02
   4.5500000e+02
   4.6400000e+02
   4.7000000e+02
   4.7700000e+02
   4.9600000e+02
   5.1300000e+02
   5.3700000e+02
   5.4500000e+02
   5.5900000e+02
   5.8800000e+02
   8.8400000e+02
   8.8800000e+02
   9.0000000e+02
   9.0700000e+02
   9.1200000e+02
   9.2100000e+02
   9.2400000e+02
   9.3400000e+02
   9.4200000e+02
   9.5400000e+02
   9.7400000e+02
   9.9400000e+02
   1.2020000e+03
   1.2300000e+03
   1.2370000e+03
   1.2420000e+03
   1.2490000e+03
   1.2540000e+03
   1.2650000e+03
   1.2720000e+03
   1.2880000e+03
   1.3500000e+03
   1.4200000e+03
   1.4550000e+03
   1.4860000e+03
   1.5060000e+03
   1.5650000e+03
   1.5680000e+03
   1.5850000e+03
   1.6080000e+03
   1.9440000e+03
   1.9480000e+03
   1.9610000e+03
   1.9710000e+03
   1.9780000e+03
   1.9850000e+03
   1.9910000e+03
   1.9950000e+03
   1.9990000e+03
   2.0140000e+03
   2.0250000e+03
   2.0300000e+03
   2.0400000e+03
   2.0510000e+03
   2.0580000e+03
   2.0660000e+03
   2.0870000e+03
   2.0980000e+03
   2.1110000e+03
   2.1200000e+03
   2.1310000e+03
   2.1650000e+03
   2.1740000e+03
   2.1840000e+03
   2.1910000e+03
   2.2010000e+03
   2.2170000e+03
   2.2390000e+03
   2.2520000e+03
   2.2670000e+03
   2.2740000e+03
   2.2850000e+03
   2.2990000e+03
   2.3120000e+03
   2.3200000e+03
   2.3280000e+03
   2.3380000e+03
   2.3460000e+03
   2.3590000e+03
   2.3710000e+03
   2.3820000e+03
   2.3910000e+03
   2.4140000e+03
   2.4250000e+03
   2.5530000e+03
   2.5570000e+03
   2.5720000e+03
   2.6000000e+03
   2.6130000e+03
   2.6380000e+03
   2.6490000e+03
   2.6580000e+03
   2.6770000e+03
   2.6990000e+03
   2.7340000e+03
   2.7430000e+03
   2.7570000e+03
   2.7690000e+03
   2.7840000e+03
   2.8060000e+03
   2.8560000e+03
   2.8720000e+03
   2.8870000e+03
   2.9710000e+03
   3.0850000e+03
   3.0930000e+03
   3.1080000e+03
   3.1180000e+03
   3.1330000e+03
   3.1440000e+03
   3.1760000e+03
   3.1920000e+03
   3.2210000e+03
   3.2320000e+03
   3.2510000e+03
   3.2650000e+03
   3.2750000e+03
   3.2810000e+03
   3.2970000e+03
   3.3080000e+03
   3.3250000e+03
   3.3550000e+03
   3.3640000e+03
   3.3720000e+03
   3.3880000e+03
   3.4030000e+03
   3.4130000e+03
   3.4310000e+03
   3.4410000e+03
   3.4460000e+03
   3.4550000e+03
   3.4770000e+03
   3.5190000e+03
   3.5360000e+03
   3.5460000e+03
   3.7960000e+03
   3.8060000e+03
   3.8150000e+03
   3.8240000e+03
   3.8360000e+03
   3.8510000e+03
   3.8570000e+03
   3.8960000e+03
   3.9210000e+03
   3.9330000e+03
   3.9500000e+03
   4.0190000e+03
   4.0250000e+03
   4.0350000e+03
   4.0550000e+03
   4.0740000e+03
   4.0960000e+03
   4.1100000e+03
   4.1190000e+03
   4.1290000e+03
   4.1460000e+03
   4.1620000e+03
   4.1890000e+03
   4.2110000e+03
   4.2200000e+03
   4.2300000e+03
   4.2440000e+03
   4.2600000e+03
   4.2800000e+03
   4.2850000e+03
   4.3010000e+03
   4.4410000e+03
   4.4480000e+03
   4.4580000e+03
   4.4650000e+03
   4.4730000e+03
   4.4880000e+03
   4.4930000e+03
   4.5040000e+03
   4.5210000e+03
   4.5400000e+03
   4.5540000e+03
   4.5850000e+03
   4.6380000e+03
   4.6660000e+03
   4.6740000e+03
   4.7850000e+03
   4.7900000e+03
   4.8040000e+03
   4.8150000e+03
   4.8250000e+03
   4.8320000e+03
   4.8600000e+03
   4.8680000e+03
   4.8780000e+03
   4.8880000e+03
   4.9580000e+03
   5.0620000e+03
   5.0720000e+03
   5.1390000e+03
   5.1470000e+03
   5.1630000e+03
   5.2780000e+03
   5.2900000e+03
   5.5100000e+03
   5.7950000e+03
   5.8070000e+03
   5.8130000e+03
   5.8170000e+03
   5.8240000e+03
   5.8290000e+03
   5.8350000e+03
   5.8460000e+03
   5.8530000e+03
   5.8630000e+03
   5.8680000e+03
   5.8800000e+03
   5.8880000e+03
   5.8950000e+03
   5.9010000e+03
   5.9050000e+03
   5.9170000e+03
   5.9230000e+03
   5.9300000e+03
   5.9380000e+03
   5.9450000e+03
   5.9530000e+03
   5.9670000e+03
   5.9780000e+03
   5.9930000e+03
   6.1020000e+03
   6.1270000e+03
   6.1500000e+03
   6.1980000e+03
   6.2120000e+03
   6.2300000e+03
   6.2480000e+03
   6.2680000e+03
   6.2790000e+03
   6.2870000e+03
   6.2970000e+03
   6.3040000e+03
   6.3130000e+03
   6.3280000e+03
   6.3880000e+03
   6.3970000e+03
   6.4070000e+03
   6.4290000e+03
   6.4530000e+03
   6.6730000e+03
   6.6820000e+03
   6.6980000e+03
   6.7860000e+03
   6.9030000e+03
   6.9160000e+03
   6.9700000e+03
   6.9850000e+03
   6.9970000e+03
   7.0110000e+03
   7.0450000e+03
   7.0630000e+03
   7.0790000e+03
   7.0870000e+03
   7.1020000e+03
   7.1720000e+03
   7.3090000e+03
   7.3230000e+03
   7.3670000e+03
   7.3940000e+03
   7.4140000e+03
   7.4300000e+03
   7.4420000e+03
   7.4630000e+03
   7.5190000e+03
   7.5410000e+03
   7.5750000e+03
   8.0350000e+03
   8.0740000e+03
   8.1620000e+03
   8.1750000e+03
   8.2080000e+03
   8.2350000e+03
   8.2450000e+03
   8.2640000e+03
   8.4610000e+03
   8.4740000e+03
   8.4910000e+03
   8.5080000e+03
   8.5390000e+03
   8.5530000e+03
   8.8600000e+03
   8.8930000e+03
   8.9090000e+03
   8.9210000e+03
   8.9430000e+03
   8.9670000e+03
   8.9820000e+03
   8.9890000e+03
   9.0010000e+03
   9.0170000e+03
   9.0250000e+03
   9.0570000e+03
   9.0710000e+03
   9.1080000e+03
   9.1200000e+03
   9.1340000e+03
   9.1470000e+03
   9.1560000e+03
   9.1660000e+03
   9.1840000e+03
   9.2150000e+03
   9.2240000e+03
   9.2340000e+03
   9.4420000e+03
   9.4460000e+03
   9.4630000e+03
   9.4730000e+03
   9.4990000e+03
   9.5110000e+03
   9.5520000e+03
   9.6090000e+03
   9.6350000e+03
   9.6470000e+03
   9.6620000e+03
   9.6730000e+03
   9.6810000e+03
   9.6920000e+03
   9.7010000e+03
   9.7070000e+03
   9.7230000e+03
   9.7360000e+03
   9.7460000e+03
   9.7590000e+03
   9.7820000e+03
   9.8140000e+03
   9.8240000e+03
   9.8320000e+03
   9.8550000e+03
