   1.4700000e+02
   1.5500000e+02
   1.6400000e+02
   1.6900000e+02
   1.7300000e+02
   1.8100000e+02
   1.8700000e+02
   1.9000000e+02
   1.9500000e+02
   2.0000000e+02
   2.0900000e+02
   2.1500000e+02
   2.2300000e+02
   2.4000000e+02
   4.1500000e+02
   4.2400000e+02
   4.3300000e+02
   4.4800000e+02
   4.6900000e+02
   4.8100000e+02
   5.4400000e+02
   5.5400000e+02
   5.6500000e+02
   5.8100000e+02
   8.9300000e+02
   9.0100000e+02
   9.0900000e+02
   9.1400000e+02
   9.2000000e+02
   9.2400000e+02
   9.3100000e+02
   9.3700000e+02
   9.5300000e+02
   9.7200000e+02
   9.9100000e+02
   1.2340000e+03
   1.2430000e+03
   1.2470000e+03
   1.2570000e+03
   1.2640000e+03
   1.2750000e+03
   1.4200000e+03
   1.4430000e+03
   1.4480000e+03
   1.5060000e+03
   1.9420000e+03
   1.9560000e+03
   1.9700000e+03
   1.9750000e+03
   1.9850000e+03
   1.9910000e+03
   1.9970000e+03
   2.0030000e+03
   2.0090000e+03
   2.0310000e+03
   2.0420000e+03
   2.0520000e+03
   2.0680000e+03
   2.1010000e+03
   2.1090000e+03
   2.1180000e+03
   2.1290000e+03
   2.1410000e+03
   2.1840000e+03
   2.1900000e+03
   2.2410000e+03
   2.2760000e+03
   2.2910000e+03
   2.3050000e+03
   2.3120000e+03
   2.3310000e+03
   2.3460000e+03
   2.3590000e+03
   2.3700000e+03
   2.3900000e+03
   2.5600000e+03
   2.5700000e+03
   2.6250000e+03
   2.6420000e+03
   2.6540000e+03
   2.6890000e+03
   2.7560000e+03
   2.7650000e+03
   2.7860000e+03
   2.8020000e+03
   2.8850000e+03
   3.0970000e+03
   3.1070000e+03
   3.1190000e+03
   3.1320000e+03
   3.1600000e+03
   3.2000000e+03
   3.2290000e+03
   3.2420000e+03
   3.2770000e+03
   3.3370000e+03
   3.3680000e+03
   3.3770000e+03
   3.3860000e+03
   3.3880000e+03
   3.4280000e+03
   3.4430000e+03
   3.4540000e+03
   3.5260000e+03
   3.5320000e+03
   3.8040000e+03
   3.8140000e+03
   3.8190000e+03
   3.8300000e+03
   3.8440000e+03
   3.8640000e+03
   3.8740000e+03
   3.9240000e+03
   3.9440000e+03
   3.9750000e+03
   4.0160000e+03
   4.0280000e+03
   4.0460000e+03
   4.0610000e+03
   4.0740000e+03
   4.1300000e+03
   4.1450000e+03
   4.1640000e+03
   4.1800000e+03
   4.2440000e+03
   4.2590000e+03
   4.2820000e+03
   4.2980000e+03
   4.4550000e+03
   4.4630000e+03
   4.4710000e+03
   4.5110000e+03
   4.5560000e+03
   4.6610000e+03
   4.6760000e+03
   4.6870000e+03
   4.8080000e+03
   4.8240000e+03
   4.8270000e+03
   4.8650000e+03
   4.8750000e+03
   4.8850000e+03
   5.3930000e+03
   5.4080000e+03
   5.4790000e+03
   5.4890000e+03
   5.5730000e+03
   5.5920000e+03
   5.6110000e+03
   5.6330000e+03
   5.6550000e+03
   5.8840000e+03
   5.8940000e+03
   5.9170000e+03
   5.9300000e+03
   5.9360000e+03
   5.9450000e+03
   5.9500000e+03
   5.9540000e+03
   5.9590000e+03
   5.9620000e+03
   5.9700000e+03
   5.9860000e+03
   6.0360000e+03
   6.0490000e+03
   6.0650000e+03
   6.0750000e+03
   6.0860000e+03
   6.0970000e+03
   6.1110000e+03
   6.1300000e+03
   6.1360000e+03
   6.1470000e+03
   6.1620000e+03
   6.1770000e+03
   6.1880000e+03
   6.2270000e+03
   6.2370000e+03
   6.2730000e+03
   6.3610000e+03
   6.7310000e+03
   6.7390000e+03
   6.7520000e+03
   6.7710000e+03
   6.7810000e+03
   6.7870000e+03
   6.7930000e+03
   6.8010000e+03
   6.8100000e+03
   6.8140000e+03
   6.8210000e+03
   6.8290000e+03
   6.8410000e+03
   6.8560000e+03
   6.8790000e+03
   6.9930000e+03
   7.0600000e+03
   7.1150000e+03
   7.1530000e+03
   7.1650000e+03
   7.1750000e+03
   7.2060000e+03
   7.2140000e+03
   7.2270000e+03
   7.2440000e+03
   7.2590000e+03
   7.2690000e+03
   7.2910000e+03
   7.3040000e+03
   7.3170000e+03
   7.3280000e+03
   7.3360000e+03
   7.3480000e+03
   7.3660000e+03
   7.4160000e+03
   7.4310000e+03
   7.4970000e+03
   7.5060000e+03
   7.6250000e+03
   7.6450000e+03
   7.6570000e+03
   7.6740000e+03
   7.6870000e+03
   7.6940000e+03
   7.7090000e+03
   7.7350000e+03
   7.8170000e+03
   7.8460000e+03
   7.8570000e+03
   7.8780000e+03
   7.9010000e+03
   7.9170000e+03
   7.9290000e+03
   7.9370000e+03
   7.9490000e+03
   7.9670000e+03
   7.9830000e+03
   8.0000000e+03
   8.0200000e+03
   8.0300000e+03
   8.0440000e+03
   8.0540000e+03
   8.0800000e+03
   8.0920000e+03
   8.1040000e+03
   8.1140000e+03
   8.1260000e+03
   8.1550000e+03
   8.1680000e+03
   8.1810000e+03
   8.1960000e+03
   8.2060000e+03
   8.2240000e+03
   8.2330000e+03
   8.7000000e+03
   8.7270000e+03
   8.7410000e+03
   8.7520000e+03
   8.7610000e+03
   8.7620000e+03
   8.7660000e+03
   8.7770000e+03
   8.7840000e+03
   8.7930000e+03
   8.8070000e+03
   8.8240000e+03
   8.8330000e+03
   8.8390000e+03
   8.8510000e+03
   8.8570000e+03
   8.8780000e+03
   8.8860000e+03
   8.8920000e+03
   8.8970000e+03
   8.9050000e+03
   8.9140000e+03
   8.9200000e+03
   8.9340000e+03
   8.9430000e+03
   8.9520000e+03
   8.9760000e+03
   8.9830000e+03
   8.9930000e+03
   8.9950000e+03
   9.0280000e+03
   9.0390000e+03
   9.0540000e+03
   9.3210000e+03
   9.6330000e+03
   9.6440000e+03
   9.6650000e+03
   9.6730000e+03
   9.6820000e+03
   9.6950000e+03
   9.7020000e+03
   9.7160000e+03
   9.7720000e+03
