   4.8000000e+01
   1.3300000e+02
   1.5100000e+02
   1.5900000e+02
   1.7200000e+02
   1.7700000e+02
   1.8700000e+02
   1.9400000e+02
   2.0600000e+02
   2.1200000e+02
   2.2600000e+02
   2.4800000e+02
   3.9400000e+02
   4.1500000e+02
   4.3100000e+02
   4.4600000e+02
   4.5100000e+02
   4.6200000e+02
   4.6900000e+02
   4.7800000e+02
   5.3900000e+02
   5.5400000e+02
   5.6800000e+02
   8.8500000e+02
   8.9700000e+02
   9.0800000e+02
   9.1500000e+02
   9.1900000e+02
   9.2900000e+02
   9.3800000e+02
   9.5100000e+02
   9.6300000e+02
   9.9000000e+02
   1.1990000e+03
   1.2070000e+03
   1.2370000e+03
   1.2460000e+03
   1.2490000e+03
   1.2630000e+03
   1.2720000e+03
   1.2810000e+03
   1.3810000e+03
   1.4190000e+03
   1.4250000e+03
   1.4890000e+03
   1.5670000e+03
   1.5860000e+03
   1.9540000e+03
   1.9660000e+03
   1.9780000e+03
   1.9870000e+03
   1.9950000e+03
   2.0020000e+03
   2.0070000e+03
   2.0160000e+03
   2.0230000e+03
   2.0390000e+03
   2.0510000e+03
   2.0630000e+03
   2.0680000e+03
   2.0920000e+03
   2.1030000e+03
   2.1090000e+03
   2.1250000e+03
   2.1310000e+03
   2.1500000e+03
   2.1780000e+03
   2.1850000e+03
   2.1920000e+03
   2.1960000e+03
   2.2120000e+03
   2.2260000e+03
   2.2540000e+03
   2.2720000e+03
   2.2840000e+03
   2.2960000e+03
   2.3070000e+03
   2.3160000e+03
   2.3250000e+03
   2.3360000e+03
   2.3470000e+03
   2.3570000e+03
   2.3660000e+03
   2.3770000e+03
   2.3930000e+03
   2.4130000e+03
   2.4400000e+03
   2.5430000e+03
   2.5560000e+03
   2.5700000e+03
   2.5910000e+03
   2.6320000e+03
   2.6410000e+03
   2.6520000e+03
   2.6970000e+03
   2.7420000e+03
   2.7700000e+03
   2.7850000e+03
   2.8000000e+03
   2.8700000e+03
   2.8840000e+03
   3.0890000e+03
   3.1070000e+03
   3.1200000e+03
   3.1270000e+03
   3.1430000e+03
   3.1540000e+03
   3.1630000e+03
   3.2040000e+03
   3.2230000e+03
   3.2340000e+03
   3.2660000e+03
   3.2720000e+03
   3.2820000e+03
   3.3030000e+03
   3.3120000e+03
   3.3330000e+03
   3.3470000e+03
   3.3630000e+03
   3.3760000e+03
   3.3890000e+03
   3.4000000e+03
   3.4140000e+03
   3.4200000e+03
   3.4370000e+03
   3.4500000e+03
   3.4630000e+03
   3.4760000e+03
   3.5220000e+03
   3.5280000e+03
   3.5370000e+03
   3.5520000e+03
   3.5870000e+03
   3.8050000e+03
   3.8150000e+03
   3.8220000e+03
   3.8370000e+03
   3.8480000e+03
   3.8630000e+03
   3.8820000e+03
   3.9330000e+03
   3.9500000e+03
   4.0010000e+03
   4.0120000e+03
   4.0240000e+03
   4.0330000e+03
   4.0550000e+03
   4.0740000e+03
   4.1010000e+03
   4.1130000e+03
   4.1210000e+03
   4.1370000e+03
   4.1470000e+03
   4.1990000e+03
   4.2180000e+03
   4.2240000e+03
   4.2350000e+03
   4.2570000e+03
   4.2680000e+03
   4.2780000e+03
   4.3010000e+03
   4.3150000e+03
   4.4460000e+03
   4.4560000e+03
   4.4670000e+03
   4.4810000e+03
   4.4970000e+03
   4.5370000e+03
   4.5550000e+03
   4.5710000e+03
   4.6400000e+03
   4.6590000e+03
   4.6800000e+03
   4.7030000e+03
   4.7260000e+03
   4.7980000e+03
   4.8090000e+03
   4.8150000e+03
   4.8300000e+03
   4.8450000e+03
   4.8620000e+03
   4.8690000e+03
   4.8820000e+03
   4.8940000e+03
   5.1270000e+03
   5.1490000e+03
   5.1650000e+03
   5.1900000e+03
   5.2290000e+03
   5.2410000e+03
   5.2510000e+03
   5.2640000e+03
   5.2710000e+03
   5.2800000e+03
   5.2990000e+03
   5.3150000e+03
   5.3280000e+03
   5.3560000e+03
   5.3790000e+03
   5.4010000e+03
   5.4090000e+03
   5.4490000e+03
   5.4690000e+03
   5.4800000e+03
   5.5020000e+03
   5.5370000e+03
   5.5580000e+03
   5.5750000e+03
   5.8270000e+03
   6.0060000e+03
   6.0210000e+03
   6.0350000e+03
   6.1480000e+03
   6.1740000e+03
   6.1810000e+03
   6.1910000e+03
   6.2200000e+03
   6.2400000e+03
   6.2570000e+03
   6.3310000e+03
   6.3340000e+03
   6.3470000e+03
   6.3520000e+03
   6.3710000e+03
   6.3830000e+03
   6.4160000e+03
   6.4830000e+03
   6.5220000e+03
   6.5350000e+03
   6.5430000e+03
   6.5540000e+03
   6.5670000e+03
   6.5740000e+03
   6.5820000e+03
   6.5860000e+03
   6.5950000e+03
   6.6080000e+03
   6.6300000e+03
   6.6490000e+03
   6.9040000e+03
   6.9250000e+03
   7.3500000e+03
   7.3670000e+03
   7.3740000e+03
   7.3890000e+03
   7.3960000e+03
   7.4040000e+03
   7.4100000e+03
   7.4140000e+03
   7.4190000e+03
   7.4280000e+03
   7.4400000e+03
   7.4480000e+03
   7.4570000e+03
   7.4620000e+03
   7.4710000e+03
   7.4810000e+03
   7.4940000e+03
   7.5100000e+03
   7.5160000e+03
   7.5320000e+03
   7.5460000e+03
   7.6050000e+03
   7.6350000e+03
   7.6530000e+03
   7.6660000e+03
   7.6720000e+03
   7.6830000e+03
   7.6930000e+03
   7.6970000e+03
   7.7020000e+03
   7.7100000e+03
   7.7160000e+03
   7.7220000e+03
   7.7330000e+03
   7.7540000e+03
   7.7690000e+03
   7.7810000e+03
   7.7980000e+03
   7.8160000e+03
   7.8240000e+03
   7.8610000e+03
   7.8740000e+03
   7.8930000e+03
   7.9910000e+03
   7.9970000e+03
   8.0100000e+03
   8.0330000e+03
   8.0530000e+03
   8.0600000e+03
   8.0810000e+03
   8.0900000e+03
   8.1050000e+03
   8.1160000e+03
   8.1190000e+03
   8.1290000e+03
   8.1320000e+03
   8.1410000e+03
   8.1540000e+03
   8.1860000e+03
   8.2390000e+03
   8.6790000e+03
   8.6860000e+03
   8.7150000e+03
   8.7210000e+03
   8.7310000e+03
   8.7390000e+03
   8.7470000e+03
   8.7540000e+03
   8.7600000e+03
   8.7650000e+03
   8.7710000e+03
   8.7770000e+03
   8.7820000e+03
   8.7890000e+03
   8.7970000e+03
   8.8070000e+03
   8.8170000e+03
   8.8300000e+03
   8.8420000e+03
   8.8580000e+03
   8.9220000e+03
   8.9530000e+03
   8.9770000e+03
   9.0780000e+03
   9.0920000e+03
   9.1100000e+03
   9.1270000e+03
   9.1530000e+03
   9.1640000e+03
   9.1740000e+03
   9.1890000e+03
   9.1980000e+03
   9.2030000e+03
   9.2110000e+03
   9.2260000e+03
   9.2340000e+03
   9.2430000e+03
   9.2500000e+03
   9.2620000e+03
   9.2720000e+03
   9.2840000e+03
   9.3000000e+03
   9.4800000e+03
   9.5520000e+03
   9.5640000e+03
   9.5720000e+03
   9.5800000e+03
   9.5850000e+03
   9.5940000e+03
   9.6010000e+03
   9.6060000e+03
   9.6160000e+03
   9.6280000e+03
   9.6400000e+03
   9.6490000e+03
   9.6610000e+03
   9.6930000e+03
   9.7800000e+03
   9.7880000e+03
   9.9240000e+03
   9.9320000e+03
   9.9550000e+03
   9.9610000e+03
   9.9710000e+03
   9.9820000e+03
   9.9920000e+03
   1.0004000e+04
