   1.4800000e+02
   1.5800000e+02
   1.6400000e+02
   1.7200000e+02
   1.7600000e+02
   1.8300000e+02
   1.8600000e+02
   1.9200000e+02
   1.9800000e+02
   2.0700000e+02
   2.1600000e+02
   2.3200000e+02
   2.4700000e+02
   4.0600000e+02
   4.1800000e+02
   4.3600000e+02
   4.4600000e+02
   4.6000000e+02
   4.6900000e+02
   4.8100000e+02
   5.0000000e+02
   5.2000000e+02
   5.3500000e+02
   5.4700000e+02
   5.6000000e+02
   8.9300000e+02
   8.9800000e+02
   9.0500000e+02
   9.1100000e+02
   9.1500000e+02
   9.2100000e+02
   9.3000000e+02
   9.3500000e+02
   9.4700000e+02
   9.6200000e+02
   9.7500000e+02
   1.2290000e+03
   1.2460000e+03
   1.2520000e+03
   1.2760000e+03
   1.5760000e+03
   1.9680000e+03
   1.9800000e+03
   1.9850000e+03
   1.9920000e+03
   1.9970000e+03
   2.0060000e+03
   2.0160000e+03
   2.0210000e+03
   2.0320000e+03
   2.0390000e+03
   2.0680000e+03
   2.0780000e+03
   2.0940000e+03
   2.1030000e+03
   2.1200000e+03
   2.1710000e+03
   2.1820000e+03
   2.1880000e+03
   2.2050000e+03
   2.2210000e+03
   2.2340000e+03
   2.2500000e+03
   2.2670000e+03
   2.2770000e+03
   2.3070000e+03
   2.3130000e+03
   2.3240000e+03
   2.3330000e+03
   2.3450000e+03
   2.3520000e+03
   2.3730000e+03
   2.3880000e+03
   2.5600000e+03
   2.6620000e+03
   2.7440000e+03
   2.7540000e+03
   2.7720000e+03
   2.7890000e+03
   3.0980000e+03
   3.1150000e+03
   3.1230000e+03
   3.1380000e+03
   3.1520000e+03
   3.1770000e+03
   3.1870000e+03
   3.2200000e+03
   3.2300000e+03
   3.2760000e+03
   3.3060000e+03
   3.3170000e+03
   3.3340000e+03
   3.3560000e+03
   3.3690000e+03
   3.3780000e+03
   3.3910000e+03
   3.4600000e+03
   3.5400000e+03
   3.5530000e+03
   3.8170000e+03
   3.8310000e+03
   3.8390000e+03
   3.8560000e+03
   3.9090000e+03
   3.9280000e+03
   4.0210000e+03
   4.0320000e+03
   4.0490000e+03
   4.0690000e+03
   4.1130000e+03
   4.1410000e+03
   4.1650000e+03
   4.2330000e+03
   4.2430000e+03
   4.2510000e+03
   4.2650000e+03
   4.2740000e+03
   4.2830000e+03
   4.2970000e+03
   4.3060000e+03
   4.4540000e+03
   4.4680000e+03
   4.4930000e+03
   4.5550000e+03
   4.6710000e+03
   4.6840000e+03
   4.7090000e+03
   4.7840000e+03
   4.7980000e+03
   4.8060000e+03
   4.8170000e+03
   4.8300000e+03
   4.8410000e+03
   4.8580000e+03
   5.1920000e+03
   5.1970000e+03
   5.2170000e+03
   5.2350000e+03
   5.2810000e+03
   5.2900000e+03
   5.3040000e+03
   5.3170000e+03
   5.3290000e+03
   5.8680000e+03
   5.8910000e+03
   5.9110000e+03
   5.9220000e+03
   5.9280000e+03
   5.9420000e+03
   5.9470000e+03
   5.9550000e+03
   5.9620000e+03
   5.9730000e+03
   5.9870000e+03
   5.9990000e+03
   6.0760000e+03
   6.0930000e+03
   6.1150000e+03
   6.1290000e+03
   6.1450000e+03
   6.1620000e+03
   6.1660000e+03
   6.1750000e+03
   6.1880000e+03
   6.1960000e+03
   6.2030000e+03
   6.2200000e+03
   6.7220000e+03
   6.7300000e+03
   6.7420000e+03
   6.7590000e+03
   6.7670000e+03
   6.7960000e+03
   7.0240000e+03
   7.0490000e+03
   7.0620000e+03
   7.0850000e+03
   7.0920000e+03
   7.1030000e+03
   7.1110000e+03
   7.1170000e+03
   7.1290000e+03
   7.1360000e+03
   7.1480000e+03
   7.1550000e+03
   7.1670000e+03
   7.1740000e+03
   7.1800000e+03
   7.1910000e+03
   7.2520000e+03
   7.5550000e+03
   7.5750000e+03
   7.5950000e+03
   7.7170000e+03
   8.0160000e+03
   8.0260000e+03
   8.0400000e+03
   8.0580000e+03
   8.0650000e+03
   8.0750000e+03
   8.0890000e+03
   8.1000000e+03
   8.1150000e+03
   8.1260000e+03
   8.1350000e+03
   8.1490000e+03
   8.1560000e+03
   8.1610000e+03
   8.1700000e+03
   8.1770000e+03
   8.1890000e+03
   8.2060000e+03
   8.3370000e+03
   8.3420000e+03
   8.3690000e+03
   8.3990000e+03
   8.5690000e+03
   8.6120000e+03
   8.6310000e+03
   8.7380000e+03
   8.7960000e+03
   8.9530000e+03
   9.0610000e+03
   9.0740000e+03
   9.3050000e+03
   9.3160000e+03
   9.3250000e+03
   9.3330000e+03
   9.3440000e+03
   9.3620000e+03
   9.3680000e+03
   9.3750000e+03
   9.3910000e+03
   9.3980000e+03
   9.4090000e+03
   9.4200000e+03
   9.4330000e+03
   9.4530000e+03
   9.4720000e+03
   9.6190000e+03
   9.6430000e+03
   9.6490000e+03
   9.6620000e+03
   9.6680000e+03
   9.8500000e+03
