   1.6400000e+02
   1.6900000e+02
   1.7300000e+02
   1.7900000e+02
   1.8400000e+02
   1.9100000e+02
   1.9600000e+02
   2.0500000e+02
   2.1200000e+02
   2.1800000e+02
   2.2800000e+02
   4.1100000e+02
   4.3300000e+02
   4.4500000e+02
   4.5400000e+02
   4.7400000e+02
   4.8600000e+02
   5.3400000e+02
   5.4900000e+02
   5.6300000e+02
   8.6600000e+02
   8.9600000e+02
   9.0200000e+02
   9.0800000e+02
   9.1500000e+02
   9.2100000e+02
   9.2800000e+02
   9.3500000e+02
   9.4900000e+02
   9.6000000e+02
   9.7800000e+02
   1.0010000e+03
   1.2370000e+03
   1.2410000e+03
   1.2510000e+03
   1.2570000e+03
   1.2690000e+03
   1.2910000e+03
   1.3840000e+03
   1.5810000e+03
   1.9640000e+03
   1.9730000e+03
   1.9830000e+03
   1.9890000e+03
   1.9940000e+03
   2.0040000e+03
   2.0130000e+03
   2.0230000e+03
   2.0270000e+03
   2.0410000e+03
   2.0600000e+03
   2.0740000e+03
   2.0900000e+03
   2.0980000e+03
   2.1080000e+03
   2.1160000e+03
   2.1310000e+03
   2.1610000e+03
   2.1780000e+03
   2.1890000e+03
   2.1990000e+03
   2.2100000e+03
   2.2500000e+03
   2.2690000e+03
   2.2800000e+03
   2.3030000e+03
   2.3130000e+03
   2.3220000e+03
   2.3300000e+03
   2.3560000e+03
   2.3660000e+03
   2.3730000e+03
   2.5620000e+03
   2.6540000e+03
   2.6620000e+03
   2.6850000e+03
   2.7820000e+03
   2.8020000e+03
   3.0920000e+03
   3.1050000e+03
   3.1160000e+03
   3.1290000e+03
   3.1540000e+03
   3.1640000e+03
   3.2170000e+03
   3.2370000e+03
   3.2520000e+03
   3.2720000e+03
   3.2830000e+03
   3.2920000e+03
   3.3410000e+03
   3.3670000e+03
   3.3730000e+03
   3.3800000e+03
   3.3870000e+03
   3.4010000e+03
   3.5350000e+03
   3.5440000e+03
   3.8100000e+03
   3.8220000e+03
   3.8290000e+03
   3.8460000e+03
   3.8720000e+03
   4.0200000e+03
   4.0320000e+03
   4.0510000e+03
   4.1090000e+03
   4.1170000e+03
   4.1240000e+03
   4.1540000e+03
   4.1720000e+03
   4.2260000e+03
   4.2330000e+03
   4.2470000e+03
   4.2710000e+03
   4.2760000e+03
   4.3020000e+03
   4.3130000e+03
   4.4550000e+03
   4.4650000e+03
   4.4780000e+03
   4.5020000e+03
   4.5290000e+03
   4.6640000e+03
   4.6740000e+03
   4.6850000e+03
   4.8000000e+03
   4.8110000e+03
   4.8240000e+03
   4.8320000e+03
   4.8430000e+03
   4.8690000e+03
   4.8780000e+03
   4.9060000e+03
   5.1000000e+03
   5.1200000e+03
   5.1450000e+03
   5.1580000e+03
   5.1680000e+03
   5.1790000e+03
   5.1900000e+03
   5.2000000e+03
   5.2090000e+03
   5.2160000e+03
   5.2220000e+03
   5.2410000e+03
   5.2570000e+03
   5.2710000e+03
   5.2790000e+03
   5.3040000e+03
   5.3100000e+03
   5.3930000e+03
   5.4150000e+03
   5.4830000e+03
   5.5650000e+03
   5.6200000e+03
   5.6300000e+03
   5.6430000e+03
   5.6550000e+03
   5.7870000e+03
   5.9000000e+03
   5.9050000e+03
   5.9180000e+03
   5.9290000e+03
   5.9420000e+03
   5.9550000e+03
   6.3320000e+03
   6.3480000e+03
   6.3570000e+03
   6.3720000e+03
   6.5990000e+03
   6.6060000e+03
   6.6170000e+03
   6.6360000e+03
   6.6540000e+03
   7.2770000e+03
   7.3710000e+03
   7.3780000e+03
   7.3910000e+03
   7.4070000e+03
   7.4140000e+03
   7.4220000e+03
   7.4320000e+03
   7.4440000e+03
   7.4490000e+03
   7.4600000e+03
   7.4660000e+03
   7.4700000e+03
   7.4850000e+03
   7.4920000e+03
   7.4970000e+03
   7.5000000e+03
   7.5050000e+03
   7.5090000e+03
   7.5160000e+03
   7.5210000e+03
   7.5260000e+03
   7.5360000e+03
   7.5460000e+03
   7.5570000e+03
   7.5670000e+03
   7.5780000e+03
   7.7020000e+03
   7.7220000e+03
   7.7370000e+03
   7.7480000e+03
   7.7620000e+03
   7.7800000e+03
   7.7940000e+03
   8.1050000e+03
   8.1140000e+03
   8.1340000e+03
   8.1410000e+03
   8.1470000e+03
   8.1550000e+03
   8.1590000e+03
   8.1740000e+03
   8.1800000e+03
   8.1900000e+03
   8.1920000e+03
   8.2070000e+03
   8.2160000e+03
   8.2280000e+03
   8.2400000e+03
   8.2510000e+03
   8.2690000e+03
   8.2910000e+03
   8.3230000e+03
   8.3320000e+03
   8.4170000e+03
   8.4270000e+03
   8.4610000e+03
   8.4840000e+03
   8.4930000e+03
   8.5090000e+03
   8.5180000e+03
   8.5280000e+03
   8.5400000e+03
   8.5500000e+03
   8.5570000e+03
   8.5750000e+03
   8.5980000e+03
   8.6180000e+03
   8.6370000e+03
   8.6550000e+03
   8.7110000e+03
   8.7310000e+03
   8.7710000e+03
   8.9210000e+03
   8.9400000e+03
   9.0850000e+03
   9.0930000e+03
   9.0990000e+03
   9.1190000e+03
   9.1260000e+03
   9.1340000e+03
   9.1420000e+03
   9.1930000e+03
   9.2040000e+03
   9.2160000e+03
   9.2280000e+03
   9.2410000e+03
   9.2660000e+03
   9.2810000e+03
   9.3000000e+03
   9.3440000e+03
   9.3500000e+03
   9.4910000e+03
   9.5050000e+03
   9.5830000e+03
   9.5980000e+03
   9.6090000e+03
   9.7070000e+03
   9.7290000e+03
   9.7560000e+03
