   4.4000000e+01
   1.3400000e+02
   1.4700000e+02
   1.6000000e+02
   1.6600000e+02
   1.7300000e+02
   1.8100000e+02
   1.8500000e+02
   1.9200000e+02
   1.9700000e+02
   2.1000000e+02
   2.1700000e+02
   2.5300000e+02
   3.9500000e+02
   4.1000000e+02
   4.2000000e+02
   4.3800000e+02
   4.5000000e+02
   4.6000000e+02
   4.7400000e+02
   4.8000000e+02
   4.9700000e+02
   5.1900000e+02
   5.3700000e+02
   5.4900000e+02
   5.7100000e+02
   8.8900000e+02
   9.0300000e+02
   9.1200000e+02
   9.2100000e+02
   9.2800000e+02
   9.4100000e+02
   9.6300000e+02
   1.2300000e+03
   1.2430000e+03
   1.2560000e+03
   1.2630000e+03
   1.2730000e+03
   1.4440000e+03
   1.4950000e+03
   1.5770000e+03
   1.9540000e+03
   1.9650000e+03
   1.9780000e+03
   1.9850000e+03
   1.9930000e+03
   1.9960000e+03
   2.0040000e+03
   2.0160000e+03
   2.0300000e+03
   2.0380000e+03
   2.0580000e+03
   2.0760000e+03
   2.1030000e+03
   2.1110000e+03
   2.1210000e+03
   2.1290000e+03
   2.1370000e+03
   2.1570000e+03
   2.1780000e+03
   2.1880000e+03
   2.1950000e+03
   2.2040000e+03
   2.2380000e+03
   2.2600000e+03
   2.2670000e+03
   2.2780000e+03
   2.2910000e+03
   2.3010000e+03
   2.3130000e+03
   2.3210000e+03
   2.3290000e+03
   2.3420000e+03
   2.3560000e+03
   2.3630000e+03
   2.3830000e+03
   2.4370000e+03
   2.5540000e+03
   2.5610000e+03
   2.5730000e+03
   2.6150000e+03
   2.6390000e+03
   2.6540000e+03
   2.7350000e+03
   2.7520000e+03
   2.7620000e+03
   2.7770000e+03
   2.7880000e+03
   2.8670000e+03
   2.8800000e+03
   3.0910000e+03
   3.1050000e+03
   3.1180000e+03
   3.1360000e+03
   3.1760000e+03
   3.2140000e+03
   3.2360000e+03
   3.2510000e+03
   3.2730000e+03
   3.2800000e+03
   3.2930000e+03
   3.3140000e+03
   3.3360000e+03
   3.3520000e+03
   3.3600000e+03
   3.3650000e+03
   3.3720000e+03
   3.3850000e+03
   3.4000000e+03
   3.4170000e+03
   3.4380000e+03
   3.4490000e+03
   3.4660000e+03
   3.4920000e+03
   3.5150000e+03
   3.5240000e+03
   3.5430000e+03
   3.8050000e+03
   3.8100000e+03
   3.8180000e+03
   3.8350000e+03
   3.8580000e+03
   3.9270000e+03
   3.9450000e+03
   3.9570000e+03
   4.0140000e+03
   4.0210000e+03
   4.0300000e+03
   4.0660000e+03
   4.1000000e+03
   4.1100000e+03
   4.1220000e+03
   4.1360000e+03
   4.1510000e+03
   4.2040000e+03
   4.2200000e+03
   4.2250000e+03
   4.2370000e+03
   4.2580000e+03
   4.2740000e+03
   4.2830000e+03
   4.2920000e+03
   4.4450000e+03
   4.4540000e+03
   4.4660000e+03
   4.4810000e+03
   4.5020000e+03
   4.5170000e+03
   4.5500000e+03
   4.5630000e+03
   4.6540000e+03
   4.6630000e+03
   4.6730000e+03
   4.6820000e+03
   4.7870000e+03
   4.7980000e+03
   4.8080000e+03
   4.8260000e+03
   4.8350000e+03
   4.8540000e+03
   4.8690000e+03
   4.8780000e+03
   5.3060000e+03
   5.3100000e+03
   5.3240000e+03
   5.3470000e+03
   5.3550000e+03
   5.3710000e+03
   5.3800000e+03
   5.3860000e+03
   5.3920000e+03
   5.4050000e+03
   5.4140000e+03
   5.4300000e+03
   5.4570000e+03
   5.5140000e+03
   5.7370000e+03
   5.7500000e+03
   5.7660000e+03
   5.7750000e+03
   5.7850000e+03
   5.8230000e+03
   5.8370000e+03
   5.8460000e+03
   5.8540000e+03
   5.8620000e+03
   5.8720000e+03
   5.8860000e+03
   5.8960000e+03
   5.9110000e+03
   5.9180000e+03
   5.9340000e+03
   5.9460000e+03
   5.9680000e+03
   5.9810000e+03
   5.9970000e+03
   6.0390000e+03
   6.1970000e+03
   6.2280000e+03
   6.2590000e+03
   6.2760000e+03
   6.3090000e+03
   6.3200000e+03
   6.9380000e+03
   6.9780000e+03
   6.9990000e+03
   7.0090000e+03
   7.0760000e+03
   7.0920000e+03
   7.2190000e+03
   7.3570000e+03
   7.3780000e+03
   7.3900000e+03
   7.3980000e+03
   7.4070000e+03
   7.4180000e+03
   7.4360000e+03
   7.4650000e+03
   7.4820000e+03
   7.5320000e+03
   7.5500000e+03
   7.5910000e+03
   7.6070000e+03
   7.6450000e+03
   7.6540000e+03
   7.6760000e+03
   7.6920000e+03
   7.7040000e+03
   7.7170000e+03
   7.7360000e+03
   7.7550000e+03
   7.7710000e+03
   7.7820000e+03
   7.7930000e+03
   7.8020000e+03
   7.8120000e+03
   7.8200000e+03
   7.8260000e+03
   7.8340000e+03
   7.8430000e+03
   7.8590000e+03
   7.8770000e+03
   7.8850000e+03
   7.9040000e+03
   7.9150000e+03
   7.9290000e+03
   8.0290000e+03
   8.1270000e+03
   8.1840000e+03
   8.2180000e+03
   8.2340000e+03
   8.2480000e+03
   8.2630000e+03
   8.2720000e+03
   8.2920000e+03
   8.3220000e+03
   8.4280000e+03
   8.5200000e+03
   8.5290000e+03
   8.5490000e+03
   8.6660000e+03
   8.6980000e+03
   8.7100000e+03
   8.7270000e+03
   8.7410000e+03
   8.7500000e+03
   8.7610000e+03
   8.7710000e+03
   8.7820000e+03
   8.7980000e+03
   8.8070000e+03
   8.8160000e+03
   8.8260000e+03
   8.8370000e+03
   8.8460000e+03
   8.8590000e+03
   8.8910000e+03
   9.0500000e+03
   9.2430000e+03
   9.2880000e+03
   9.3040000e+03
   9.3180000e+03
   9.3240000e+03
   9.3460000e+03
   9.6810000e+03
   9.7000000e+03
   9.7160000e+03
