   1.2600000e+02
   1.3800000e+02
   1.4900000e+02
   1.5400000e+02
   1.6300000e+02
   1.6700000e+02
   1.7400000e+02
   1.7900000e+02
   1.8600000e+02
   1.8900000e+02
   1.9800000e+02
   2.1100000e+02
   2.2800000e+02
   2.3800000e+02
   3.9400000e+02
   4.0600000e+02
   4.2000000e+02
   4.3100000e+02
   4.4400000e+02
   4.5800000e+02
   4.6400000e+02
   4.6900000e+02
   5.0300000e+02
   5.4600000e+02
   5.5600000e+02
   7.1200000e+02
   8.7100000e+02
   8.9100000e+02
   9.0200000e+02
   9.0700000e+02
   9.1400000e+02
   9.1800000e+02
   9.2400000e+02
   9.3100000e+02
   9.4600000e+02
   9.6000000e+02
   1.2030000e+03
   1.2100000e+03
   1.2310000e+03
   1.2470000e+03
   1.2550000e+03
   1.2620000e+03
   1.2670000e+03
   1.2800000e+03
   1.4160000e+03
   1.4360000e+03
   1.4510000e+03
   1.4710000e+03
   1.9570000e+03
   1.9620000e+03
   1.9760000e+03
   1.9840000e+03
   1.9890000e+03
   1.9970000e+03
   2.0050000e+03
   2.0110000e+03
   2.0240000e+03
   2.0350000e+03
   2.0650000e+03
   2.0800000e+03
   2.1030000e+03
   2.1070000e+03
   2.1190000e+03
   2.1440000e+03
   2.1650000e+03
   2.1790000e+03
   2.1870000e+03
   2.1950000e+03
   2.2070000e+03
   2.2300000e+03
   2.2370000e+03
   2.2490000e+03
   2.2640000e+03
   2.2760000e+03
   2.2890000e+03
   2.2960000e+03
   2.3090000e+03
   2.3220000e+03
   2.3370000e+03
   2.3480000e+03
   2.3600000e+03
   2.3730000e+03
   2.3880000e+03
   2.5710000e+03
   2.6250000e+03
   2.6350000e+03
   2.6420000e+03
   2.6560000e+03
   2.7580000e+03
   2.7680000e+03
   2.7980000e+03
   2.8200000e+03
   3.0900000e+03
   3.0990000e+03
   3.1100000e+03
   3.1230000e+03
   3.1420000e+03
   3.1570000e+03
   3.1720000e+03
   3.2250000e+03
   3.2390000e+03
   3.2650000e+03
   3.2750000e+03
   3.2860000e+03
   3.2930000e+03
   3.3010000e+03
   3.3150000e+03
   3.3300000e+03
   3.3460000e+03
   3.3630000e+03
   3.3710000e+03
   3.3790000e+03
   3.3880000e+03
   3.3950000e+03
   3.4090000e+03
   3.4270000e+03
   3.4740000e+03
   3.5330000e+03
   3.5520000e+03
   3.5630000e+03
   3.8090000e+03
   3.8140000e+03
   3.8250000e+03
   3.8360000e+03
   3.8560000e+03
   3.8790000e+03
   3.9690000e+03
   4.0130000e+03
   4.0240000e+03
   4.0370000e+03
   4.0510000e+03
   4.0700000e+03
   4.0870000e+03
   4.1070000e+03
   4.1160000e+03
   4.1290000e+03
   4.1390000e+03
   4.1520000e+03
   4.1860000e+03
   4.2240000e+03
   4.2410000e+03
   4.2490000e+03
   4.2610000e+03
   4.2810000e+03
   4.2890000e+03
   4.3070000e+03
   4.4480000e+03
   4.4580000e+03
   4.4640000e+03
   4.4820000e+03
   4.4960000e+03
   4.5520000e+03
   4.5650000e+03
   4.6580000e+03
   4.6650000e+03
   4.6780000e+03
   4.6880000e+03
   4.7920000e+03
   4.7960000e+03
   4.8070000e+03
   4.8150000e+03
   4.8210000e+03
   4.8310000e+03
   4.8380000e+03
   4.8600000e+03
   4.8740000e+03
   4.8840000e+03
   5.1170000e+03
   5.1240000e+03
   5.1500000e+03
   5.1620000e+03
   5.4120000e+03
   5.4300000e+03
   5.4430000e+03
   5.4590000e+03
   5.4700000e+03
   5.4820000e+03
   5.6040000e+03
   5.6140000e+03
   5.7400000e+03
   5.7510000e+03
   5.9260000e+03
   5.9410000e+03
   5.9550000e+03
   5.9600000e+03
   5.9750000e+03
   6.0040000e+03
   6.0100000e+03
   6.0270000e+03
   6.0410000e+03
   6.0550000e+03
   6.0750000e+03
   6.0860000e+03
   6.1020000e+03
   6.1120000e+03
   6.1970000e+03
   6.2320000e+03
   6.6090000e+03
   6.6170000e+03
   6.6290000e+03
   6.6360000e+03
   6.6430000e+03
   6.6520000e+03
   6.6660000e+03
   6.6780000e+03
   6.6890000e+03
   6.7210000e+03
   6.7370000e+03
   6.7530000e+03
   6.8610000e+03
   7.1330000e+03
   7.1510000e+03
   7.2600000e+03
   7.4860000e+03
   7.4920000e+03
   7.5090000e+03
   7.8630000e+03
   7.8680000e+03
   7.8810000e+03
   7.8920000e+03
   7.9040000e+03
   7.9120000e+03
   7.9190000e+03
   7.9270000e+03
   7.9300000e+03
   7.9360000e+03
   7.9410000e+03
   7.9440000e+03
   7.9480000e+03
   7.9550000e+03
   7.9610000e+03
   7.9700000e+03
   7.9790000e+03
   8.0050000e+03
   8.0230000e+03
   8.0600000e+03
   8.0710000e+03
   8.5740000e+03
   8.6650000e+03
   8.6810000e+03
   8.6990000e+03
   8.8120000e+03
   8.8160000e+03
   9.2990000e+03
   9.3080000e+03
   9.3220000e+03
   9.5880000e+03
   9.6000000e+03
   9.6240000e+03
   9.6320000e+03
   9.6480000e+03
   9.6650000e+03
   9.6730000e+03
   9.6800000e+03
   9.6890000e+03
   9.7060000e+03
   9.7290000e+03
   9.7370000e+03
