   1.3900000e+02
   1.4900000e+02
   1.6000000e+02
   1.6700000e+02
   1.7200000e+02
   1.7800000e+02
   1.8400000e+02
   1.8900000e+02
   1.9500000e+02
   2.0100000e+02
   2.0800000e+02
   2.2000000e+02
   2.5000000e+02
   3.9400000e+02
   4.0700000e+02
   4.2000000e+02
   4.3100000e+02
   4.4200000e+02
   4.5400000e+02
   4.6100000e+02
   4.6800000e+02
   4.7400000e+02
   4.9900000e+02
   5.1200000e+02
   5.3900000e+02
   5.4600000e+02
   5.7000000e+02
   5.9500000e+02
   8.7400000e+02
   8.8200000e+02
   8.9200000e+02
   9.0400000e+02
   9.1200000e+02
   9.1600000e+02
   9.2400000e+02
   9.3400000e+02
   9.4500000e+02
   9.6800000e+02
   1.2020000e+03
   1.2240000e+03
   1.2320000e+03
   1.2390000e+03
   1.2490000e+03
   1.2560000e+03
   1.2600000e+03
   1.2680000e+03
   1.2950000e+03
   1.4450000e+03
   1.4830000e+03
   1.5850000e+03
   1.5940000e+03
   1.9440000e+03
   1.9550000e+03
   1.9610000e+03
   1.9770000e+03
   1.9840000e+03
   1.9900000e+03
   1.9970000e+03
   2.0030000e+03
   2.0120000e+03
   2.0240000e+03
   2.0360000e+03
   2.0500000e+03
   2.0640000e+03
   2.0770000e+03
   2.0910000e+03
   2.1080000e+03
   2.1190000e+03
   2.1250000e+03
   2.1380000e+03
   2.1540000e+03
   2.1680000e+03
   2.1800000e+03
   2.1870000e+03
   2.1950000e+03
   2.2120000e+03
   2.2320000e+03
   2.2430000e+03
   2.2650000e+03
   2.2750000e+03
   2.2830000e+03
   2.2930000e+03
   2.3010000e+03
   2.3090000e+03
   2.3180000e+03
   2.3270000e+03
   2.3400000e+03
   2.3530000e+03
   2.3630000e+03
   2.3710000e+03
   2.3830000e+03
   2.4030000e+03
   2.4590000e+03
   2.5540000e+03
   2.5610000e+03
   2.5940000e+03
   2.6160000e+03
   2.6330000e+03
   2.6400000e+03
   2.6570000e+03
   2.6720000e+03
   2.7420000e+03
   2.7500000e+03
   2.7620000e+03
   2.7770000e+03
   2.8180000e+03
   3.0790000e+03
   3.0920000e+03
   3.1070000e+03
   3.1150000e+03
   3.1300000e+03
   3.1500000e+03
   3.1660000e+03
   3.1830000e+03
   3.2160000e+03
   3.2290000e+03
   3.2460000e+03
   3.2690000e+03
   3.2750000e+03
   3.2880000e+03
   3.2990000e+03
   3.3200000e+03
   3.3310000e+03
   3.3430000e+03
   3.3580000e+03
   3.3660000e+03
   3.3810000e+03
   3.3920000e+03
   3.3990000e+03
   3.4090000e+03
   3.4230000e+03
   3.4370000e+03
   3.4450000e+03
   3.4690000e+03
   3.5150000e+03
   3.5230000e+03
   3.5340000e+03
   3.5430000e+03
   3.5600000e+03
   3.8020000e+03
   3.8100000e+03
   3.8160000e+03
   3.8270000e+03
   3.8400000e+03
   3.8470000e+03
   3.8760000e+03
   3.8940000e+03
   3.9210000e+03
   3.9890000e+03
   4.0110000e+03
   4.0170000e+03
   4.0310000e+03
   4.0550000e+03
   4.0690000e+03
   4.0820000e+03
   4.1090000e+03
   4.1150000e+03
   4.1240000e+03
   4.1350000e+03
   4.1480000e+03
   4.1630000e+03
   4.1870000e+03
   4.2260000e+03
   4.2330000e+03
   4.2450000e+03
   4.2580000e+03
   4.2780000e+03
   4.2830000e+03
   4.3040000e+03
   4.3220000e+03
   4.4450000e+03
   4.4500000e+03
   4.4600000e+03
   4.4720000e+03
   4.4780000e+03
   4.4950000e+03
   4.5230000e+03
   4.5470000e+03
   4.5650000e+03
   4.6070000e+03
   4.6520000e+03
   4.6600000e+03
   4.6760000e+03
   4.6900000e+03
   4.7470000e+03
   4.7730000e+03
   4.7930000e+03
   4.8060000e+03
   4.8290000e+03
   4.8370000e+03
   4.8480000e+03
   4.8580000e+03
   4.8710000e+03
   4.8790000e+03
   4.8890000e+03
   5.0550000e+03
   5.0640000e+03
   5.0760000e+03
   5.0820000e+03
   5.0920000e+03
   5.1260000e+03
   5.1380000e+03
   5.1470000e+03
   5.1630000e+03
   5.1680000e+03
   5.1790000e+03
   5.1830000e+03
   5.1940000e+03
   5.2120000e+03
   5.2440000e+03
   5.4050000e+03
   5.4140000e+03
   5.4280000e+03
   5.4460000e+03
   5.4600000e+03
   5.4730000e+03
   5.4850000e+03
   5.4970000e+03
   5.5050000e+03
   5.5180000e+03
   5.6650000e+03
   5.6750000e+03
   5.6830000e+03
   5.6920000e+03
   5.7070000e+03
   5.7210000e+03
   5.7350000e+03
   5.7480000e+03
   5.7930000e+03
   5.8840000e+03
   6.0510000e+03
   6.0880000e+03
   6.0990000e+03
   6.1090000e+03
   6.1320000e+03
   6.1720000e+03
   6.4150000e+03
   6.4300000e+03
   6.4520000e+03
   6.4610000e+03
   6.4720000e+03
   6.4780000e+03
   6.4900000e+03
   6.4990000e+03
   6.5050000e+03
   6.5200000e+03
   6.5300000e+03
   6.5440000e+03
   6.5550000e+03
   6.5660000e+03
   6.5840000e+03
   6.6100000e+03
   6.6350000e+03
   6.6450000e+03
   6.6580000e+03
   6.6680000e+03
   6.6800000e+03
   6.6930000e+03
   6.7070000e+03
   6.7160000e+03
   6.7490000e+03
   6.8290000e+03
   6.9480000e+03
   6.9990000e+03
   7.0300000e+03
   7.0560000e+03
   7.0980000e+03
   7.1110000e+03
   7.1210000e+03
   7.1270000e+03
   7.1340000e+03
   7.1540000e+03
   7.1700000e+03
   7.1760000e+03
   7.1900000e+03
   7.1960000e+03
   7.2090000e+03
   7.2230000e+03
   7.2390000e+03
   7.2620000e+03
   7.2860000e+03
   7.3030000e+03
   7.3170000e+03
   7.3370000e+03
   7.3520000e+03
   7.4780000e+03
   7.5680000e+03
   7.6610000e+03
   7.6740000e+03
   7.6860000e+03
   7.7170000e+03
   7.7410000e+03
   7.7630000e+03
   7.7800000e+03
   7.7920000e+03
   7.8030000e+03
   7.8130000e+03
   7.8290000e+03
   7.8580000e+03
   7.8690000e+03
   7.8850000e+03
   7.8900000e+03
   7.9030000e+03
   8.1240000e+03
   8.1480000e+03
   8.1610000e+03
   8.1680000e+03
   8.1760000e+03
   8.1960000e+03
   8.2060000e+03
   8.2110000e+03
   8.2170000e+03
   8.2210000e+03
   8.2280000e+03
   8.2380000e+03
   8.2510000e+03
   8.2590000e+03
   8.2770000e+03
   8.2940000e+03
   8.3180000e+03
   8.3410000e+03
   8.3470000e+03
   8.3580000e+03
   8.3740000e+03
   8.3950000e+03
   8.6060000e+03
   8.6110000e+03
   8.6310000e+03
   8.6540000e+03
   8.6830000e+03
   8.7040000e+03
   8.9900000e+03
   9.0020000e+03
   9.0170000e+03
   9.0340000e+03
   9.0540000e+03
   9.1460000e+03
   9.1560000e+03
   9.1700000e+03
   9.1780000e+03
   9.1870000e+03
   9.1970000e+03
   9.2100000e+03
   9.2250000e+03
   9.2330000e+03
   9.2430000e+03
   9.2540000e+03
   9.2650000e+03
   9.3700000e+03
   9.4130000e+03
   9.4230000e+03
   9.4440000e+03
   9.6730000e+03
   9.6820000e+03
   9.6890000e+03
   9.6980000e+03
   9.7150000e+03
   9.7240000e+03
   9.7340000e+03
   9.7420000e+03
   9.7560000e+03
   9.7680000e+03
   9.7860000e+03
   9.8020000e+03
   9.8360000e+03
   9.8890000e+03
   9.8940000e+03
   9.9080000e+03
   9.9140000e+03
   9.9320000e+03
   9.9550000e+03
   9.9700000e+03
   1.0016000e+04
