   1.3000000e+02
   1.3500000e+02
   1.5500000e+02
   1.6300000e+02
   1.7500000e+02
   1.7800000e+02
   1.8500000e+02
   1.9500000e+02
   2.0500000e+02
   2.1500000e+02
   2.2400000e+02
   2.5900000e+02
   3.9400000e+02
   4.0300000e+02
   4.1400000e+02
   4.3900000e+02
   4.4600000e+02
   4.5400000e+02
   4.6300000e+02
   4.7000000e+02
   4.9200000e+02
   5.2100000e+02
   5.4400000e+02
   5.5800000e+02
   5.7200000e+02
   6.9500000e+02
   8.6000000e+02
   8.7600000e+02
   8.9300000e+02
   8.9900000e+02
   9.0800000e+02
   9.1300000e+02
   9.2100000e+02
   9.3100000e+02
   9.4500000e+02
   9.5600000e+02
   9.8000000e+02
   1.2160000e+03
   1.2220000e+03
   1.2440000e+03
   1.2500000e+03
   1.2630000e+03
   1.4360000e+03
   1.4490000e+03
   1.4840000e+03
   1.5640000e+03
   1.5820000e+03
   1.9500000e+03
   1.9620000e+03
   1.9770000e+03
   1.9860000e+03
   1.9930000e+03
   1.9990000e+03
   2.0060000e+03
   2.0140000e+03
   2.0320000e+03
   2.0390000e+03
   2.0540000e+03
   2.0700000e+03
   2.0910000e+03
   2.1040000e+03
   2.1120000e+03
   2.1200000e+03
   2.1280000e+03
   2.1370000e+03
   2.1630000e+03
   2.1740000e+03
   2.1840000e+03
   2.2000000e+03
   2.2060000e+03
   2.2210000e+03
   2.2340000e+03
   2.2540000e+03
   2.2670000e+03
   2.2760000e+03
   2.2850000e+03
   2.3120000e+03
   2.3180000e+03
   2.3290000e+03
   2.3440000e+03
   2.3580000e+03
   2.3710000e+03
   2.3840000e+03
   2.4140000e+03
   2.4380000e+03
   2.5500000e+03
   2.5620000e+03
   2.5800000e+03
   2.6050000e+03
   2.6310000e+03
   2.6390000e+03
   2.6550000e+03
   2.6690000e+03
   2.7570000e+03
   2.7830000e+03
   2.8090000e+03
   2.8380000e+03
   2.8810000e+03
   3.0820000e+03
   3.0920000e+03
   3.1060000e+03
   3.1150000e+03
   3.1330000e+03
   3.1520000e+03
   3.1870000e+03
   3.2130000e+03
   3.2190000e+03
   3.2410000e+03
   3.2670000e+03
   3.2740000e+03
   3.2900000e+03
   3.3020000e+03
   3.3130000e+03
   3.3370000e+03
   3.3550000e+03
   3.3610000e+03
   3.3650000e+03
   3.3780000e+03
   3.3890000e+03
   3.4010000e+03
   3.4410000e+03
   3.4550000e+03
   3.5200000e+03
   3.5300000e+03
   3.5400000e+03
   3.5550000e+03
   3.8090000e+03
   3.8280000e+03
   3.8410000e+03
   3.8530000e+03
   3.8770000e+03
   4.0070000e+03
   4.0140000e+03
   4.0240000e+03
   4.0360000e+03
   4.0490000e+03
   4.0590000e+03
   4.0720000e+03
   4.0880000e+03
   4.1060000e+03
   4.1170000e+03
   4.1310000e+03
   4.1430000e+03
   4.1680000e+03
   4.2140000e+03
   4.2260000e+03
   4.2400000e+03
   4.2690000e+03
   4.2750000e+03
   4.2930000e+03
   4.3060000e+03
   4.4460000e+03
   4.4520000e+03
   4.4560000e+03
   4.4670000e+03
   4.4740000e+03
   4.4920000e+03
   4.5310000e+03
   4.5460000e+03
   4.5780000e+03
   4.6440000e+03
   4.6540000e+03
   4.6800000e+03
   4.7550000e+03
   4.7730000e+03
   4.7960000e+03
   4.8100000e+03
   4.8170000e+03
   4.8260000e+03
   4.8380000e+03
   4.8620000e+03
   4.8730000e+03
   4.8870000e+03
   4.9400000e+03
   4.9580000e+03
   5.1390000e+03
   5.1650000e+03
   5.1920000e+03
   5.1990000e+03
   5.2130000e+03
   5.2240000e+03
   5.2380000e+03
   5.2480000e+03
   5.3700000e+03
   5.3880000e+03
   5.4150000e+03
   5.4820000e+03
   5.5170000e+03
   5.9260000e+03
   5.9420000e+03
   5.9610000e+03
   5.9940000e+03
   6.1330000e+03
   6.1460000e+03
   6.1680000e+03
   6.1740000e+03
   6.1800000e+03
   6.1840000e+03
   6.1920000e+03
   6.1970000e+03
   6.2030000e+03
   6.2130000e+03
   6.2250000e+03
   6.2320000e+03
   6.2400000e+03
   6.2480000e+03
   6.2550000e+03
   6.2620000e+03
   6.2770000e+03
   6.2880000e+03
   6.2990000e+03
   6.3140000e+03
   6.5180000e+03
   6.5230000e+03
   6.5340000e+03
   6.5490000e+03
   6.5560000e+03
   6.5720000e+03
   6.5810000e+03
   6.5850000e+03
   6.5940000e+03
   6.6000000e+03
   6.6080000e+03
   6.6190000e+03
   6.6260000e+03
   6.6340000e+03
   6.6420000e+03
   6.6530000e+03
   6.6650000e+03
   6.6740000e+03
   6.6830000e+03
   6.6890000e+03
   6.6980000e+03
   6.7080000e+03
   6.7230000e+03
   6.7470000e+03
   6.7680000e+03
   6.7940000e+03
   6.8120000e+03
   6.8270000e+03
   6.8350000e+03
   6.8450000e+03
   6.8650000e+03
   6.8900000e+03
   6.9060000e+03
   7.0000000e+03
   7.0120000e+03
   7.0240000e+03
   7.0470000e+03
   7.0710000e+03
   7.1150000e+03
   7.1620000e+03
   7.1750000e+03
   7.1840000e+03
   7.1970000e+03
   7.2210000e+03
   7.2340000e+03
   7.2450000e+03
   7.2530000e+03
   7.2590000e+03
   7.2730000e+03
   7.2840000e+03
   7.3150000e+03
   7.3210000e+03
   7.3520000e+03
   7.6200000e+03
   7.6310000e+03
   7.6540000e+03
   7.6770000e+03
   7.7510000e+03
   7.7640000e+03
   7.7910000e+03
   7.8040000e+03
   7.8150000e+03
   7.8240000e+03
   7.8320000e+03
   7.8370000e+03
   7.8520000e+03
   7.8670000e+03
   7.8800000e+03
   7.8980000e+03
   7.9090000e+03
   7.9200000e+03
   7.9410000e+03
   8.0360000e+03
   8.0460000e+03
   8.0530000e+03
   8.0610000e+03
   8.0790000e+03
   8.0940000e+03
   8.1150000e+03
   8.1340000e+03
   8.1390000e+03
   8.1550000e+03
   8.1580000e+03
   8.1700000e+03
   8.1780000e+03
   8.1900000e+03
   8.1970000e+03
   8.2110000e+03
   8.2200000e+03
   8.2330000e+03
   8.2410000e+03
   8.2530000e+03
   8.2610000e+03
   8.2760000e+03
   8.2890000e+03
   8.3200000e+03
   8.3370000e+03
   8.5100000e+03
   8.5270000e+03
   8.5650000e+03
   8.5770000e+03
   8.5910000e+03
   8.5980000e+03
   8.6030000e+03
   8.6150000e+03
   8.6300000e+03
   8.6410000e+03
   8.6620000e+03
   8.9870000e+03
   9.0460000e+03
   9.0490000e+03
   9.0560000e+03
   9.0750000e+03
   9.0790000e+03
   9.0840000e+03
   9.0880000e+03
   9.0970000e+03
   9.1090000e+03
   9.1150000e+03
   9.1260000e+03
   9.1440000e+03
   9.1640000e+03
   9.2090000e+03
   9.2180000e+03
   9.3870000e+03
   9.3930000e+03
   9.4050000e+03
   9.4150000e+03
   9.7450000e+03
   9.7520000e+03
   9.7620000e+03
   9.7760000e+03
   9.7850000e+03
   9.8000000e+03
   9.8070000e+03
   9.8150000e+03
   9.8280000e+03
   9.8380000e+03
   9.8480000e+03
   9.8590000e+03
   9.8770000e+03
   9.8850000e+03
   9.8980000e+03
   9.9060000e+03
   9.9170000e+03
   9.9290000e+03
   9.9440000e+03
   9.9620000e+03
