   1.5000000e+02
   1.5900000e+02
   1.6800000e+02
   1.7300000e+02
   1.7900000e+02
   1.8400000e+02
   1.9000000e+02
   1.9900000e+02
   2.0900000e+02
   2.1700000e+02
   2.3000000e+02
   3.8900000e+02
   3.9500000e+02
   4.0700000e+02
   4.2400000e+02
   4.3200000e+02
   4.4500000e+02
   4.5300000e+02
   4.6000000e+02
   4.6900000e+02
   4.7400000e+02
   5.2400000e+02
   5.4200000e+02
   5.5200000e+02
   7.0200000e+02
   7.1400000e+02
   8.7600000e+02
   8.9000000e+02
   8.9900000e+02
   9.0300000e+02
   9.0500000e+02
   9.0800000e+02
   9.1200000e+02
   9.1600000e+02
   9.1900000e+02
   9.3300000e+02
   9.4200000e+02
   9.7600000e+02
   1.2000000e+03
   1.2080000e+03
   1.2310000e+03
   1.2400000e+03
   1.2500000e+03
   1.2550000e+03
   1.2610000e+03
   1.2620000e+03
   1.2650000e+03
   1.2770000e+03
   1.2780000e+03
   1.3870000e+03
   1.4130000e+03
   1.4270000e+03
   1.4390000e+03
   1.4550000e+03
   1.5060000e+03
   1.9450000e+03
   1.9570000e+03
   1.9630000e+03
   1.9700000e+03
   1.9770000e+03
   1.9850000e+03
   1.9890000e+03
   2.0030000e+03
   2.0080000e+03
   2.0150000e+03
   2.0230000e+03
   2.0300000e+03
   2.0370000e+03
   2.0510000e+03
   2.0810000e+03
   2.0950000e+03
   2.1030000e+03
   2.1120000e+03
   2.1240000e+03
   2.1320000e+03
   2.1490000e+03
   2.1650000e+03
   2.1750000e+03
   2.1870000e+03
   2.2010000e+03
   2.2070000e+03
   2.2440000e+03
   2.2610000e+03
   2.2730000e+03
   2.2870000e+03
   2.2970000e+03
   2.3070000e+03
   2.3210000e+03
   2.3350000e+03
   2.3430000e+03
   2.3560000e+03
   2.3650000e+03
   2.4250000e+03
   2.5590000e+03
   2.5640000e+03
   2.6230000e+03
   2.6290000e+03
   2.6500000e+03
   2.7480000e+03
   2.7610000e+03
   2.7670000e+03
   2.7780000e+03
   2.7960000e+03
   2.8930000e+03
   3.0900000e+03
   3.0950000e+03
   3.1050000e+03
   3.1150000e+03
   3.1230000e+03
   3.1470000e+03
   3.2210000e+03
   3.2280000e+03
   3.2380000e+03
   3.2620000e+03
   3.2740000e+03
   3.2900000e+03
   3.2980000e+03
   3.3170000e+03
   3.3340000e+03
   3.3520000e+03
   3.3630000e+03
   3.3740000e+03
   3.3870000e+03
   3.4000000e+03
   3.4430000e+03
   3.4540000e+03
   3.5290000e+03
   3.5410000e+03
   3.5540000e+03
   3.8110000e+03
   3.8150000e+03
   3.8210000e+03
   3.8270000e+03
   3.8440000e+03
   3.8640000e+03
   3.8790000e+03
   3.8950000e+03
   3.9180000e+03
   3.9630000e+03
   4.0010000e+03
   4.0130000e+03
   4.0220000e+03
   4.0350000e+03
   4.0510000e+03
   4.0700000e+03
   4.1090000e+03
   4.1190000e+03
   4.1320000e+03
   4.1480000e+03
   4.1580000e+03
   4.1720000e+03
   4.2310000e+03
   4.2470000e+03
   4.2620000e+03
   4.2790000e+03
   4.2830000e+03
   4.3000000e+03
   4.3130000e+03
   4.4580000e+03
   4.4680000e+03
   4.4740000e+03
   4.4910000e+03
   4.5030000e+03
   4.5550000e+03
   4.5600000e+03
   4.6440000e+03
   4.6560000e+03
   4.6690000e+03
   4.6770000e+03
   4.8040000e+03
   4.8130000e+03
   4.8230000e+03
   4.8340000e+03
   4.8450000e+03
   4.8630000e+03
   4.8760000e+03
   4.8880000e+03
   5.0890000e+03
   5.1090000e+03
   5.1810000e+03
   5.1970000e+03
   5.2100000e+03
   5.2280000e+03
   5.2460000e+03
   5.2580000e+03
   5.2720000e+03
   5.2860000e+03
   5.5570000e+03
   5.6180000e+03
   5.7820000e+03
   5.8610000e+03
   5.8800000e+03
   5.9080000e+03
   5.9320000e+03
   5.9480000e+03
   5.9630000e+03
   6.2070000e+03
   6.2220000e+03
   6.2400000e+03
   6.2440000e+03
   6.2490000e+03
   6.2640000e+03
   6.2740000e+03
   6.4010000e+03
   6.4290000e+03
   6.4470000e+03
   6.4710000e+03
   6.4900000e+03
   6.6570000e+03
   6.6700000e+03
   6.6800000e+03
   6.6950000e+03
   6.7020000e+03
   6.7080000e+03
   6.7210000e+03
   6.7240000e+03
   6.7340000e+03
   6.7400000e+03
   6.7510000e+03
   6.7560000e+03
   6.7630000e+03
   6.7640000e+03
   6.7730000e+03
   6.7860000e+03
   6.8190000e+03
   6.8320000e+03
   6.8500000e+03
   6.8600000e+03
   6.8770000e+03
   6.8970000e+03
   6.9970000e+03
   7.0080000e+03
   7.0180000e+03
   7.0300000e+03
   7.0400000e+03
   7.0470000e+03
   7.0570000e+03
   7.0790000e+03
   7.0940000e+03
   7.1110000e+03
   7.1220000e+03
   7.1400000e+03
   7.1580000e+03
   7.1670000e+03
   7.2110000e+03
   7.2310000e+03
   7.2420000e+03
   7.2570000e+03
   7.2670000e+03
   7.2890000e+03
   7.3020000e+03
   7.3080000e+03
   7.3370000e+03
   7.3520000e+03
   7.3710000e+03
   7.3790000e+03
   7.3970000e+03
   7.4120000e+03
   7.4210000e+03
   7.4360000e+03
   7.4440000e+03
   7.4610000e+03
   7.4850000e+03
   7.5460000e+03
   7.5660000e+03
   7.5770000e+03
   7.6070000e+03
   7.6180000e+03
   7.6360000e+03
   7.6610000e+03
   7.6800000e+03
   7.6970000e+03
   7.7150000e+03
   7.7360000e+03
   7.7450000e+03
   7.7620000e+03
   7.7700000e+03
   7.7780000e+03
   7.7870000e+03
   7.8040000e+03
   7.8150000e+03
   7.8470000e+03
   7.8610000e+03
   7.8700000e+03
   7.9190000e+03
   7.9560000e+03
   7.9700000e+03
   8.0050000e+03
   8.0260000e+03
   8.1800000e+03
   8.2580000e+03
   8.2700000e+03
   8.2860000e+03
   8.3000000e+03
   8.3420000e+03
   8.4850000e+03
   8.5110000e+03
   8.5350000e+03
   8.5540000e+03
   8.6000000e+03
   8.6140000e+03
   8.6290000e+03
   8.6480000e+03
   8.6590000e+03
   8.6680000e+03
   8.6770000e+03
   8.6810000e+03
   8.6860000e+03
   8.6960000e+03
   8.7070000e+03
   8.7870000e+03
   8.8350000e+03
   8.8420000e+03
   8.8600000e+03
   8.8670000e+03
   8.8750000e+03
   8.8850000e+03
   8.8950000e+03
   8.9040000e+03
   8.9050000e+03
   8.9280000e+03
   8.9370000e+03
   8.9580000e+03
   9.1000000e+03
   9.1610000e+03
   9.1760000e+03
   9.2850000e+03
   9.3110000e+03
   9.3250000e+03
   9.3410000e+03
   9.3490000e+03
   9.3570000e+03
   9.3690000e+03
   9.3820000e+03
   9.3880000e+03
   9.4050000e+03
   9.4120000e+03
   9.4230000e+03
   9.4310000e+03
   9.4530000e+03
   9.4610000e+03
   9.4900000e+03
   9.5090000e+03
   9.5270000e+03
   9.5770000e+03
   9.5950000e+03
   9.6120000e+03
   9.7280000e+03
   9.7390000e+03
   9.7490000e+03
   9.7570000e+03
   9.7680000e+03
   9.7830000e+03
   9.7980000e+03
   9.8050000e+03
   9.8180000e+03
   9.8360000e+03
   9.8530000e+03
   9.8550000e+03
   9.8960000e+03
   9.9150000e+03
   9.9310000e+03
   9.9490000e+03
