   5.2000000e+01
   1.3300000e+02
   1.4100000e+02
   1.5100000e+02
   1.5600000e+02
   1.6300000e+02
   1.6700000e+02
   1.7500000e+02
   1.8600000e+02
   1.9400000e+02
   1.9800000e+02
   2.0400000e+02
   2.1500000e+02
   2.2500000e+02
   2.3600000e+02
   2.5900000e+02
   3.8800000e+02
   3.9800000e+02
   4.2300000e+02
   4.3400000e+02
   4.4300000e+02
   4.4800000e+02
   4.5800000e+02
   4.6500000e+02
   4.7400000e+02
   4.8600000e+02
   5.0300000e+02
   5.3600000e+02
   5.4900000e+02
   5.6600000e+02
   5.8000000e+02
   6.3900000e+02
   6.9600000e+02
   7.0800000e+02
   8.5800000e+02
   8.6900000e+02
   8.8200000e+02
   8.9400000e+02
   9.0000000e+02
   9.0500000e+02
   9.1000000e+02
   9.1500000e+02
   9.1900000e+02
   9.2800000e+02
   9.3500000e+02
   9.4700000e+02
   9.6100000e+02
   9.7800000e+02
   1.1980000e+03
   1.2130000e+03
   1.2290000e+03
   1.2380000e+03
   1.2450000e+03
   1.2510000e+03
   1.2570000e+03
   1.2700000e+03
   1.2810000e+03
   1.3710000e+03
   1.3780000e+03
   1.4590000e+03
   1.4840000e+03
   1.5040000e+03
   1.5670000e+03
   1.5760000e+03
   1.5860000e+03
   1.9400000e+03
   1.9470000e+03
   1.9560000e+03
   1.9650000e+03
   1.9690000e+03
   1.9800000e+03
   1.9880000e+03
   1.9910000e+03
   2.0010000e+03
   2.0060000e+03
   2.0130000e+03
   2.0210000e+03
   2.0300000e+03
   2.0370000e+03
   2.0530000e+03
   2.0680000e+03
   2.0790000e+03
   2.0970000e+03
   2.1050000e+03
   2.1130000e+03
   2.1260000e+03
   2.1340000e+03
   2.1560000e+03
   2.1680000e+03
   2.1850000e+03
   2.1880000e+03
   2.1980000e+03
   2.2150000e+03
   2.2220000e+03
   2.2400000e+03
   2.2540000e+03
   2.2640000e+03
   2.2780000e+03
   2.2970000e+03
   2.3040000e+03
   2.3160000e+03
   2.3220000e+03
   2.3340000e+03
   2.3440000e+03
   2.3560000e+03
   2.3690000e+03
   2.3840000e+03
   2.3990000e+03
   2.4090000e+03
   2.4290000e+03
   2.5520000e+03
   2.5590000e+03
   2.5780000e+03
   2.6110000e+03
   2.6290000e+03
   2.6380000e+03
   2.6490000e+03
   2.6590000e+03
   2.6730000e+03
   2.6940000e+03
   2.7460000e+03
   2.7570000e+03
   2.7660000e+03
   2.7740000e+03
   2.7880000e+03
   2.8080000e+03
   2.8810000e+03
   3.0760000e+03
   3.0860000e+03
   3.0990000e+03
   3.1090000e+03
   3.1170000e+03
   3.1250000e+03
   3.1450000e+03
   3.1580000e+03
   3.1970000e+03
   3.2180000e+03
   3.2350000e+03
   3.2620000e+03
   3.2730000e+03
   3.2860000e+03
   3.3080000e+03
   3.3190000e+03
   3.3380000e+03
   3.3520000e+03
   3.3600000e+03
   3.3660000e+03
   3.3800000e+03
   3.3930000e+03
   3.3990000e+03
   3.4170000e+03
   3.4330000e+03
   3.4400000e+03
   3.4500000e+03
   3.4750000e+03
   3.5090000e+03
   3.5180000e+03
   3.5310000e+03
   3.5450000e+03
   3.7960000e+03
   3.8050000e+03
   3.8110000e+03
   3.8200000e+03
   3.8290000e+03
   3.8380000e+03
   3.8510000e+03
   3.8720000e+03
   3.8910000e+03
   3.9430000e+03
   3.9470000e+03
   4.0020000e+03
   4.0080000e+03
   4.0150000e+03
   4.0270000e+03
   4.0440000e+03
   4.0650000e+03
   4.0850000e+03
   4.0960000e+03
   4.1110000e+03
   4.1210000e+03
   4.1350000e+03
   4.1470000e+03
   4.1640000e+03
   4.1860000e+03
   4.2200000e+03
   4.2340000e+03
   4.2410000e+03
   4.2520000e+03
   4.2690000e+03
   4.2850000e+03
   4.3080000e+03
   4.4380000e+03
   4.4450000e+03
   4.4570000e+03
   4.4640000e+03
   4.4800000e+03
   4.4900000e+03
   4.5090000e+03
   4.5330000e+03
   4.5460000e+03
   4.5660000e+03
   4.6510000e+03
   4.6660000e+03
   4.6790000e+03
   4.7860000e+03
   4.7940000e+03
   4.8090000e+03
   4.8210000e+03
   4.8330000e+03
   4.8520000e+03
   4.8590000e+03
   4.8690000e+03
   4.8790000e+03
   4.9020000e+03
   5.0610000e+03
   5.0800000e+03
   5.0890000e+03
   5.1000000e+03
   5.1150000e+03
   5.1200000e+03
   5.1300000e+03
   5.1360000e+03
   5.1400000e+03
   5.1470000e+03
   5.1540000e+03
   5.1610000e+03
   5.1670000e+03
   5.1800000e+03
   5.1890000e+03
   5.2030000e+03
   5.5610000e+03
   5.5650000e+03
   5.5710000e+03
   5.5810000e+03
   5.5980000e+03
   5.6190000e+03
   5.6340000e+03
   5.6450000e+03
   5.6760000e+03
   5.6850000e+03
   5.6940000e+03
   5.6990000e+03
   5.7070000e+03
   5.7260000e+03
   5.7440000e+03
   5.7620000e+03
   5.7740000e+03
   5.7950000e+03
   5.8090000e+03
   5.8160000e+03
   5.8580000e+03
   5.8660000e+03
   5.8830000e+03
   5.8970000e+03
   5.9260000e+03
   6.2220000e+03
   6.2810000e+03
   6.4310000e+03
   6.4460000e+03
   6.4600000e+03
   6.4830000e+03
   6.5000000e+03
   6.5090000e+03
   6.5190000e+03
   6.5260000e+03
   6.5330000e+03
   6.5400000e+03
   6.5470000e+03
   6.5540000e+03
   6.5660000e+03
   6.5800000e+03
   6.5980000e+03
   6.6150000e+03
   6.7330000e+03
   6.7440000e+03
   6.7760000e+03
   6.8160000e+03
   6.8300000e+03
   6.8740000e+03
   6.8860000e+03
   6.9040000e+03
   6.9200000e+03
   6.9310000e+03
   6.9400000e+03
   6.9650000e+03
   6.9870000e+03
   6.9940000e+03
   7.0080000e+03
   7.0170000e+03
   7.0240000e+03
   7.0320000e+03
   7.0410000e+03
   7.0550000e+03
   7.0760000e+03
   7.0940000e+03
   7.1060000e+03
   7.1150000e+03
   7.1500000e+03
   7.1810000e+03
   7.1960000e+03
   7.2080000e+03
   7.2140000e+03
   7.2320000e+03
   7.2560000e+03
   7.4380000e+03
   7.4490000e+03
   7.4560000e+03
   7.4860000e+03
   7.5740000e+03
   7.5960000e+03
   7.6100000e+03
   7.6260000e+03
   7.6330000e+03
   7.6410000e+03
   7.6560000e+03
   7.6610000e+03
   7.6700000e+03
   7.6840000e+03
   7.6930000e+03
   7.7010000e+03
   7.7100000e+03
   7.7220000e+03
   7.7320000e+03
   7.7390000e+03
   7.7480000e+03
   7.7560000e+03
   7.7610000e+03
   7.7700000e+03
   7.7790000e+03
   7.7970000e+03
   7.8160000e+03
   7.8280000e+03
   7.8320000e+03
   7.8510000e+03
   8.0470000e+03
   8.0610000e+03
   8.0850000e+03
   8.1630000e+03
   8.4140000e+03
   8.4800000e+03
   8.4880000e+03
   8.4950000e+03
   8.5110000e+03
   8.5230000e+03
   8.5330000e+03
   9.0290000e+03
   9.0360000e+03
   9.0500000e+03
   9.0640000e+03
   9.0710000e+03
   9.0990000e+03
   9.1080000e+03
   9.1300000e+03
   9.1480000e+03
   9.1760000e+03
   9.2010000e+03
   9.2090000e+03
   9.2230000e+03
   9.2350000e+03
   9.2450000e+03
   9.2580000e+03
   9.2760000e+03
   9.7680000e+03
   9.7810000e+03
   9.7970000e+03
   9.8100000e+03
   9.8160000e+03
   9.8250000e+03
   9.8330000e+03
   9.8400000e+03
   9.8440000e+03
   9.8500000e+03
   9.8540000e+03
   9.8600000e+03
   9.8660000e+03
   9.8710000e+03
   9.8800000e+03
   9.8870000e+03
   9.9010000e+03
   9.9130000e+03
   9.9310000e+03
   9.9510000e+03
   9.9700000e+03
   1.0032000e+04
