   1.4700000e+02
   1.5600000e+02
   1.6300000e+02
   1.7200000e+02
   1.7900000e+02
   1.8500000e+02
   1.9200000e+02
   1.9900000e+02
   2.0800000e+02
   2.1400000e+02
   2.4800000e+02
   4.0600000e+02
   4.1800000e+02
   4.3100000e+02
   4.4500000e+02
   4.5200000e+02
   4.6700000e+02
   4.8100000e+02
   4.9600000e+02
   5.2400000e+02
   5.4000000e+02
   5.5100000e+02
   5.5800000e+02
   8.8700000e+02
   8.9300000e+02
   9.0000000e+02
   9.0500000e+02
   9.1400000e+02
   9.2000000e+02
   9.2500000e+02
   9.4900000e+02
   9.7000000e+02
   9.9500000e+02
   1.2120000e+03
   1.2340000e+03
   1.2480000e+03
   1.2540000e+03
   1.2630000e+03
   1.2710000e+03
   1.2810000e+03
   1.5830000e+03
   1.9560000e+03
   1.9660000e+03
   1.9710000e+03
   1.9820000e+03
   1.9970000e+03
   2.0040000e+03
   2.0140000e+03
   2.0240000e+03
   2.0330000e+03
   2.0490000e+03
   2.0640000e+03
   2.1060000e+03
   2.1130000e+03
   2.1250000e+03
   2.1310000e+03
   2.1470000e+03
   2.1670000e+03
   2.1860000e+03
   2.1920000e+03
   2.2190000e+03
   2.2350000e+03
   2.2560000e+03
   2.2690000e+03
   2.2940000e+03
   2.3060000e+03
   2.3160000e+03
   2.3420000e+03
   2.3530000e+03
   2.3860000e+03
   2.4350000e+03
   2.5680000e+03
   2.6290000e+03
   2.6480000e+03
   2.6610000e+03
   2.6900000e+03
   2.7480000e+03
   2.7630000e+03
   2.7750000e+03
   3.0860000e+03
   3.1010000e+03
   3.1180000e+03
   3.1250000e+03
   3.1390000e+03
   3.1590000e+03
   3.2450000e+03
   3.2910000e+03
   3.3070000e+03
   3.3800000e+03
   3.3990000e+03
   3.4080000e+03
   3.4280000e+03
   3.4400000e+03
   3.4580000e+03
   3.4720000e+03
   3.5280000e+03
   3.8060000e+03
   3.8110000e+03
   3.8240000e+03
   3.8370000e+03
   3.8490000e+03
   3.8590000e+03
   3.8990000e+03
   4.0150000e+03
   4.0250000e+03
   4.0360000e+03
   4.0540000e+03
   4.1240000e+03
   4.1320000e+03
   4.1540000e+03
   4.2230000e+03
   4.2710000e+03
   4.2790000e+03
   4.4530000e+03
   4.4660000e+03
   4.4790000e+03
   4.5030000e+03
   4.5160000e+03
   4.5410000e+03
   4.5660000e+03
   4.6670000e+03
   4.6830000e+03
   4.7940000e+03
   4.8090000e+03
   4.8200000e+03
   4.8290000e+03
   4.8420000e+03
   4.8600000e+03
   4.8720000e+03
   4.8870000e+03
   5.1880000e+03
   5.2060000e+03
   5.3190000e+03
   5.7140000e+03
   5.9320000e+03
   5.9410000e+03
   5.9490000e+03
   5.9620000e+03
   6.1020000e+03
   6.1180000e+03
   6.1280000e+03
   6.1580000e+03
   6.1720000e+03
   6.2140000e+03
   6.2400000e+03
   6.2520000e+03
   6.2630000e+03
   6.2820000e+03
   6.2900000e+03
   6.3010000e+03
   6.3160000e+03
   6.3410000e+03
   6.3500000e+03
   6.3680000e+03
   6.5570000e+03
   6.5760000e+03
   6.5910000e+03
   6.6050000e+03
   6.6110000e+03
   6.6410000e+03
   6.6510000e+03
   6.6620000e+03
   7.0510000e+03
   7.0580000e+03
   7.0840000e+03
   7.6430000e+03
   7.6590000e+03
   7.6730000e+03
   7.6800000e+03
   7.6950000e+03
   7.7660000e+03
   7.8740000e+03
   7.9360000e+03
   7.9410000e+03
   7.9570000e+03
   8.0670000e+03
   8.0790000e+03
   8.2220000e+03
   8.2370000e+03
   8.2420000e+03
   8.2480000e+03
   8.2660000e+03
   8.2790000e+03
   8.2930000e+03
   8.3040000e+03
   8.3160000e+03
   8.3310000e+03
   8.3540000e+03
   8.3630000e+03
   8.3780000e+03
   8.3850000e+03
   8.4000000e+03
   8.5380000e+03
   8.5570000e+03
   8.5730000e+03
   8.5840000e+03
   8.5940000e+03
   8.6150000e+03
   8.6240000e+03
   8.6320000e+03
   8.6550000e+03
   8.6610000e+03
   8.6670000e+03
   8.6760000e+03
   8.6810000e+03
   8.6890000e+03
   8.7070000e+03
   8.7250000e+03
   8.9450000e+03
   8.9590000e+03
   9.1290000e+03
   9.1530000e+03
   9.2790000e+03
   9.2960000e+03
   9.3040000e+03
   9.3130000e+03
   9.3190000e+03
   9.7410000e+03
   9.7450000e+03
   9.7520000e+03
   9.7620000e+03
   9.7660000e+03
   9.7710000e+03
   9.7840000e+03
   9.8040000e+03
   9.8130000e+03
   9.8340000e+03
   9.8810000e+03
   9.8900000e+03
