   1.4100000e+02
   1.5300000e+02
   1.6000000e+02
   1.6600000e+02
   1.7400000e+02
   1.8100000e+02
   1.8900000e+02
   1.9900000e+02
   2.1100000e+02
   2.3100000e+02
   2.5200000e+02
   3.9300000e+02
   4.0100000e+02
   4.1000000e+02
   4.2700000e+02
   4.3800000e+02
   4.4500000e+02
   4.5800000e+02
   4.6300000e+02
   4.7300000e+02
   4.9300000e+02
   5.1500000e+02
   5.3300000e+02
   5.5600000e+02
   5.7300000e+02
   5.9000000e+02
   7.2700000e+02
   8.6400000e+02
   8.8300000e+02
   8.9200000e+02
   9.0100000e+02
   9.0400000e+02
   9.1100000e+02
   9.1500000e+02
   9.2200000e+02
   9.3200000e+02
   9.3700000e+02
   9.5200000e+02
   1.1980000e+03
   1.2310000e+03
   1.2390000e+03
   1.2460000e+03
   1.2530000e+03
   1.2590000e+03
   1.2680000e+03
   1.3790000e+03
   1.4080000e+03
   1.4350000e+03
   1.4520000e+03
   1.4900000e+03
   1.5040000e+03
   1.5720000e+03
   1.5830000e+03
   1.9440000e+03
   1.9490000e+03
   1.9650000e+03
   1.9740000e+03
   1.9830000e+03
   1.9900000e+03
   1.9960000e+03
   2.0020000e+03
   2.0080000e+03
   2.0210000e+03
   2.0310000e+03
   2.0580000e+03
   2.0710000e+03
   2.0980000e+03
   2.1060000e+03
   2.1260000e+03
   2.1450000e+03
   2.1610000e+03
   2.1770000e+03
   2.1880000e+03
   2.1970000e+03
   2.2110000e+03
   2.2360000e+03
   2.2480000e+03
   2.2690000e+03
   2.2820000e+03
   2.2940000e+03
   2.3020000e+03
   2.3100000e+03
   2.3170000e+03
   2.3250000e+03
   2.3330000e+03
   2.3470000e+03
   2.3640000e+03
   2.3740000e+03
   2.3870000e+03
   2.4170000e+03
   2.4420000e+03
   2.5510000e+03
   2.5600000e+03
   2.5810000e+03
   2.6020000e+03
   2.6240000e+03
   2.6350000e+03
   2.6490000e+03
   2.6620000e+03
   2.6910000e+03
   2.7410000e+03
   2.7490000e+03
   2.7570000e+03
   2.7770000e+03
   2.7980000e+03
   2.8840000e+03
   2.9670000e+03
   3.0790000e+03
   3.0840000e+03
   3.0970000e+03
   3.1100000e+03
   3.1190000e+03
   3.1280000e+03
   3.1510000e+03
   3.1610000e+03
   3.1860000e+03
   3.2190000e+03
   3.2300000e+03
   3.2530000e+03
   3.2630000e+03
   3.2760000e+03
   3.2840000e+03
   3.2950000e+03
   3.3090000e+03
   3.3270000e+03
   3.3480000e+03
   3.3630000e+03
   3.3710000e+03
   3.3780000e+03
   3.3850000e+03
   3.3990000e+03
   3.4090000e+03
   3.4280000e+03
   3.4400000e+03
   3.4600000e+03
   3.4730000e+03
   3.5240000e+03
   3.5350000e+03
   3.5490000e+03
   3.7950000e+03
   3.8040000e+03
   3.8110000e+03
   3.8210000e+03
   3.8360000e+03
   3.8510000e+03
   3.8820000e+03
   3.9660000e+03
   4.0020000e+03
   4.0180000e+03
   4.0250000e+03
   4.0340000e+03
   4.0540000e+03
   4.0740000e+03
   4.1020000e+03
   4.1080000e+03
   4.1190000e+03
   4.1260000e+03
   4.1450000e+03
   4.1640000e+03
   4.1860000e+03
   4.2120000e+03
   4.2220000e+03
   4.2390000e+03
   4.2560000e+03
   4.2720000e+03
   4.2870000e+03
   4.2930000e+03
   4.4420000e+03
   4.4480000e+03
   4.4550000e+03
   4.4610000e+03
   4.4710000e+03
   4.4870000e+03
   4.5020000e+03
   4.5370000e+03
   4.5710000e+03
   4.6240000e+03
   4.6350000e+03
   4.6560000e+03
   4.6660000e+03
   4.6760000e+03
   4.7050000e+03
   4.7550000e+03
   4.7740000e+03
   4.7890000e+03
   4.7990000e+03
   4.8060000e+03
   4.8150000e+03
   4.8270000e+03
   4.8430000e+03
   4.8520000e+03
   4.8740000e+03
   4.8840000e+03
   4.9550000e+03
   5.0900000e+03
   5.0960000e+03
   5.1130000e+03
   5.1240000e+03
   5.1400000e+03
   5.1510000e+03
   5.2210000e+03
   5.2950000e+03
   5.3120000e+03
   5.3350000e+03
   5.3460000e+03
   5.3550000e+03
   5.3710000e+03
   5.3770000e+03
   5.3870000e+03
   5.4060000e+03
   5.4210000e+03
   5.4300000e+03
   5.4440000e+03
   5.4560000e+03
   5.4650000e+03
   5.4850000e+03
   5.5040000e+03
   5.5720000e+03
   5.6180000e+03
   5.7860000e+03
   5.7930000e+03
   5.8030000e+03
   5.8230000e+03
   6.0170000e+03
   6.0290000e+03
   6.0340000e+03
   6.1370000e+03
   6.1510000e+03
   6.1610000e+03
   6.1710000e+03
   6.2050000e+03
   6.2810000e+03
   6.2880000e+03
   6.3000000e+03
   6.3120000e+03
   6.3210000e+03
   6.3310000e+03
   6.3400000e+03
   6.3570000e+03
   6.3810000e+03
   6.3940000e+03
   6.4090000e+03
   6.4470000e+03
   6.4890000e+03
   6.5010000e+03
   6.5110000e+03
   6.5170000e+03
   6.5210000e+03
   6.5270000e+03
   6.5370000e+03
   6.5490000e+03
   6.5590000e+03
   6.5680000e+03
   6.5810000e+03
   6.5910000e+03
   6.6020000e+03
   6.6070000e+03
   6.6220000e+03
   6.6320000e+03
   6.6390000e+03
   6.6500000e+03
   6.6600000e+03
   6.6800000e+03
   6.7000000e+03
   6.7230000e+03
   6.7360000e+03
   6.7570000e+03
   6.8060000e+03
   6.8200000e+03
   6.8280000e+03
   6.8370000e+03
   6.8520000e+03
   6.8640000e+03
   6.8860000e+03
   6.9020000e+03
   6.9150000e+03
   6.9370000e+03
   7.0430000e+03
   7.1560000e+03
   7.1970000e+03
   7.2190000e+03
   7.2380000e+03
   7.2500000e+03
   7.2590000e+03
   7.2680000e+03
   7.2740000e+03
   7.2810000e+03
   7.2870000e+03
   7.2950000e+03
   7.3130000e+03
   7.3230000e+03
   7.3340000e+03
   7.3560000e+03
   7.3650000e+03
   7.3770000e+03
   7.4070000e+03
   7.4340000e+03
   7.4440000e+03
   7.4680000e+03
   7.4800000e+03
   7.4880000e+03
   7.5030000e+03
   7.5160000e+03
   7.5250000e+03
   7.5500000e+03
   7.5700000e+03
   7.5890000e+03
   7.6120000e+03
   7.6250000e+03
   7.6610000e+03
   7.6730000e+03
   7.6980000e+03
   8.2420000e+03
   8.2500000e+03
   8.3600000e+03
   8.5180000e+03
   8.5290000e+03
   8.5390000e+03
   8.5490000e+03
   8.5600000e+03
   8.5670000e+03
   8.5780000e+03
   8.5860000e+03
   8.5920000e+03
   8.6020000e+03
   8.6080000e+03
   8.6150000e+03
   8.6190000e+03
   8.6250000e+03
   8.6360000e+03
   8.6480000e+03
   8.6550000e+03
   8.6700000e+03
   8.6890000e+03
   8.7130000e+03
   8.8400000e+03
   8.8490000e+03
   8.8720000e+03
   8.8870000e+03
   8.8970000e+03
   8.9050000e+03
   8.9120000e+03
   8.9240000e+03
   8.9280000e+03
   8.9340000e+03
   8.9380000e+03
   8.9440000e+03
   8.9530000e+03
   8.9630000e+03
   8.9760000e+03
   8.9900000e+03
   9.0070000e+03
   9.0210000e+03
   9.0420000e+03
   9.0720000e+03
   9.0850000e+03
   9.0990000e+03
   9.1100000e+03
   9.1330000e+03
   9.1460000e+03
   9.1580000e+03
   9.1810000e+03
   9.1950000e+03
   9.2170000e+03
   9.3130000e+03
   9.3330000e+03
   9.5380000e+03
   9.5830000e+03
   9.6080000e+03
   9.6230000e+03
   9.6310000e+03
   9.6450000e+03
   9.6550000e+03
   9.6610000e+03
   9.6700000e+03
   9.6810000e+03
   9.6840000e+03
   9.6900000e+03
   9.6950000e+03
   9.7040000e+03
   9.7130000e+03
   9.7200000e+03
   9.7330000e+03
   9.7470000e+03
   9.8090000e+03
   9.8780000e+03
   9.8820000e+03
   9.8900000e+03
   9.8980000e+03
   9.9190000e+03
   9.9310000e+03
   9.9640000e+03
