   1.4500000e+02
   1.5800000e+02
   1.6400000e+02
   1.7300000e+02
   1.7700000e+02
   1.8200000e+02
   1.8900000e+02
   1.9800000e+02
   2.0400000e+02
   2.1500000e+02
   2.1700000e+02
   4.0300000e+02
   4.1500000e+02
   4.2900000e+02
   4.4000000e+02
   4.4300000e+02
   4.5700000e+02
   4.6200000e+02
   4.7300000e+02
   4.8500000e+02
   5.3900000e+02
   5.5400000e+02
   5.6800000e+02
   8.7900000e+02
   8.9000000e+02
   8.9600000e+02
   9.0200000e+02
   9.1000000e+02
   9.1400000e+02
   9.1900000e+02
   9.2800000e+02
   9.3300000e+02
   9.4600000e+02
   9.5800000e+02
   1.2060000e+03
   1.2210000e+03
   1.2390000e+03
   1.2490000e+03
   1.2550000e+03
   1.2620000e+03
   1.2670000e+03
   1.2890000e+03
   1.4400000e+03
   1.4710000e+03
   1.5790000e+03
   1.5900000e+03
   1.9500000e+03
   1.9580000e+03
   1.9710000e+03
   1.9830000e+03
   1.9880000e+03
   1.9940000e+03
   2.0010000e+03
   2.0080000e+03
   2.0200000e+03
   2.0290000e+03
   2.0430000e+03
   2.0830000e+03
   2.0990000e+03
   2.1060000e+03
   2.1120000e+03
   2.1190000e+03
   2.1410000e+03
   2.1710000e+03
   2.1960000e+03
   2.2260000e+03
   2.2430000e+03
   2.2640000e+03
   2.2710000e+03
   2.2820000e+03
   2.2950000e+03
   2.3050000e+03
   2.3150000e+03
   2.3230000e+03
   2.3300000e+03
   2.3400000e+03
   2.3510000e+03
   2.3630000e+03
   2.3720000e+03
   2.3800000e+03
   2.5520000e+03
   2.5610000e+03
   2.5710000e+03
   2.5940000e+03
   2.6180000e+03
   2.6300000e+03
   2.6430000e+03
   2.7070000e+03
   2.7560000e+03
   2.7640000e+03
   2.7960000e+03
   2.8320000e+03
   2.8790000e+03
   3.0880000e+03
   3.0970000e+03
   3.1080000e+03
   3.1160000e+03
   3.1320000e+03
   3.1520000e+03
   3.1800000e+03
   3.2220000e+03
   3.2350000e+03
   3.2520000e+03
   3.2680000e+03
   3.2750000e+03
   3.2880000e+03
   3.3010000e+03
   3.3090000e+03
   3.3290000e+03
   3.3390000e+03
   3.3510000e+03
   3.3620000e+03
   3.3720000e+03
   3.3820000e+03
   3.3940000e+03
   3.4200000e+03
   3.4280000e+03
   3.4430000e+03
   3.4510000e+03
   3.4670000e+03
   3.5520000e+03
   3.5640000e+03
   3.8030000e+03
   3.8110000e+03
   3.8180000e+03
   3.8240000e+03
   3.8380000e+03
   3.8510000e+03
   3.8790000e+03
   4.0200000e+03
   4.0260000e+03
   4.0360000e+03
   4.0730000e+03
   4.0890000e+03
   4.1070000e+03
   4.1170000e+03
   4.1310000e+03
   4.1400000e+03
   4.1620000e+03
   4.2030000e+03
   4.2220000e+03
   4.2330000e+03
   4.2560000e+03
   4.2710000e+03
   4.2780000e+03
   4.2880000e+03
   4.3110000e+03
   4.4510000e+03
   4.4580000e+03
   4.4640000e+03
   4.4740000e+03
   4.4830000e+03
   4.4960000e+03
   4.5220000e+03
   4.5350000e+03
   4.6580000e+03
   4.6720000e+03
   4.6810000e+03
   4.7890000e+03
   4.7950000e+03
   4.8060000e+03
   4.8130000e+03
   4.8220000e+03
   4.8350000e+03
   4.8480000e+03
   4.8640000e+03
   4.8690000e+03
   4.8830000e+03
   4.9050000e+03
   5.0760000e+03
   5.0920000e+03
   5.1010000e+03
   5.1120000e+03
   5.1180000e+03
   5.1260000e+03
   5.1330000e+03
   5.1780000e+03
   5.3080000e+03
   5.3310000e+03
   5.4960000e+03
   5.5050000e+03
   5.5480000e+03
   5.5570000e+03
   5.5710000e+03
   5.5760000e+03
   5.5970000e+03
   5.6060000e+03
   5.6140000e+03
   5.6250000e+03
   5.6340000e+03
   5.6400000e+03
   5.6530000e+03
   5.7140000e+03
   5.9720000e+03
   5.9880000e+03
   6.0030000e+03
   6.0410000e+03
   6.0600000e+03
   6.0690000e+03
   6.0950000e+03
   6.1030000e+03
   6.1120000e+03
   6.1240000e+03
   6.1390000e+03
   6.1520000e+03
   6.1660000e+03
   6.1730000e+03
   6.2930000e+03
   6.3080000e+03
   6.3200000e+03
   6.3280000e+03
   6.3380000e+03
   6.3600000e+03
   6.3740000e+03
   6.3930000e+03
   6.4020000e+03
   6.4160000e+03
   6.4240000e+03
   6.4430000e+03
   6.4560000e+03
   6.5040000e+03
   6.5130000e+03
   6.5390000e+03
   6.5510000e+03
   6.5580000e+03
   6.5630000e+03
   6.5790000e+03
   6.5910000e+03
   6.6120000e+03
   6.8060000e+03
   6.8200000e+03
   6.8390000e+03
   6.8520000e+03
   6.8700000e+03
   6.8930000e+03
   6.9060000e+03
   6.9220000e+03
   6.9370000e+03
   7.3640000e+03
   7.3730000e+03
   7.3850000e+03
   7.3990000e+03
   7.4170000e+03
   7.5840000e+03
   7.6070000e+03
   7.7170000e+03
   7.7270000e+03
   7.7420000e+03
   7.7480000e+03
   7.7670000e+03
   7.7780000e+03
   7.8000000e+03
   7.8200000e+03
   7.8330000e+03
   7.8370000e+03
   7.8530000e+03
   7.8740000e+03
   7.8880000e+03
   8.0480000e+03
   8.3380000e+03
   8.3500000e+03
   8.3550000e+03
   8.3570000e+03
   8.3650000e+03
   8.3690000e+03
   8.3740000e+03
   8.3850000e+03
   8.4010000e+03
   8.4120000e+03
   8.4190000e+03
   8.4440000e+03
   8.4600000e+03
   8.9730000e+03
   9.0120000e+03
   9.1820000e+03
   9.1920000e+03
   9.2000000e+03
   9.2080000e+03
   9.2130000e+03
   9.2230000e+03
   9.2300000e+03
   9.2410000e+03
   9.2550000e+03
   9.2640000e+03
   9.2720000e+03
   9.2810000e+03
   9.2900000e+03
   9.3000000e+03
   9.3100000e+03
   9.3190000e+03
   9.3320000e+03
   9.3410000e+03
   9.4300000e+03
   9.4570000e+03
   9.4950000e+03
   9.5650000e+03
   9.5770000e+03
   9.5960000e+03
   9.6110000e+03
   9.6620000e+03
   9.7070000e+03
   9.7220000e+03
   9.8020000e+03
   9.8080000e+03
   9.8260000e+03
   9.8420000e+03
   9.8510000e+03
   9.8600000e+03
   9.8690000e+03
   9.9640000e+03
   9.9770000e+03
   9.9920000e+03
   1.0000000e+04
   1.0014000e+04
