   5.4000000e+01
   9.4000000e+01
   1.2000000e+02
   1.3000000e+02
   1.4000000e+02
   1.5100000e+02
   1.5600000e+02
   1.6800000e+02
   1.7200000e+02
   1.7700000e+02
   1.8300000e+02
   1.8800000e+02
   1.9500000e+02
   2.0200000e+02
   2.1200000e+02
   2.2700000e+02
   2.4200000e+02
   3.8500000e+02
   3.9500000e+02
   4.0300000e+02
   4.1300000e+02
   4.2600000e+02
   4.3700000e+02
   4.4600000e+02
   4.5400000e+02
   4.6200000e+02
   4.6700000e+02
   4.7700000e+02
   4.9300000e+02
   5.1300000e+02
   5.2800000e+02
   5.4400000e+02
   5.5100000e+02
   5.6600000e+02
   6.3600000e+02
   7.0400000e+02
   8.6200000e+02
   8.7200000e+02
   8.8800000e+02
   8.9500000e+02
   9.0100000e+02
   9.0700000e+02
   9.1200000e+02
   9.2100000e+02
   9.2600000e+02
   9.3700000e+02
   9.5200000e+02
   9.6600000e+02
   1.1860000e+03
   1.2060000e+03
   1.2150000e+03
   1.2370000e+03
   1.2440000e+03
   1.2510000e+03
   1.2570000e+03
   1.2630000e+03
   1.2710000e+03
   1.2790000e+03
   1.3890000e+03
   1.4270000e+03
   1.4360000e+03
   1.4490000e+03
   1.4700000e+03
   1.4920000e+03
   1.5180000e+03
   1.5710000e+03
   1.5810000e+03
   1.5980000e+03
   1.9400000e+03
   1.9490000e+03
   1.9530000e+03
   1.9600000e+03
   1.9690000e+03
   1.9770000e+03
   1.9860000e+03
   1.9930000e+03
   1.9980000e+03
   2.0050000e+03
   2.0080000e+03
   2.0200000e+03
   2.0310000e+03
   2.0400000e+03
   2.0540000e+03
   2.0690000e+03
   2.0820000e+03
   2.1000000e+03
   2.1070000e+03
   2.1170000e+03
   2.1290000e+03
   2.1360000e+03
   2.1460000e+03
   2.1550000e+03
   2.1690000e+03
   2.1790000e+03
   2.1900000e+03
   2.2010000e+03
   2.2170000e+03
   2.2380000e+03
   2.2510000e+03
   2.2650000e+03
   2.2740000e+03
   2.2800000e+03
   2.2920000e+03
   2.3080000e+03
   2.3200000e+03
   2.3260000e+03
   2.3370000e+03
   2.3500000e+03
   2.3600000e+03
   2.3750000e+03
   2.3990000e+03
   2.4150000e+03
   2.4340000e+03
   2.5510000e+03
   2.5560000e+03
   2.5690000e+03
   2.6000000e+03
   2.6360000e+03
   2.6470000e+03
   2.6540000e+03
   2.6640000e+03
   2.6780000e+03
   2.6950000e+03
   2.7400000e+03
   2.7490000e+03
   2.7620000e+03
   2.7740000e+03
   2.7850000e+03
   2.7980000e+03
   2.8680000e+03
   2.8790000e+03
   2.9860000e+03
   3.0780000e+03
   3.0850000e+03
   3.0930000e+03
   3.1030000e+03
   3.1140000e+03
   3.1220000e+03
   3.1460000e+03
   3.1560000e+03
   3.1710000e+03
   3.1890000e+03
   3.2190000e+03
   3.2370000e+03
   3.2510000e+03
   3.2750000e+03
   3.2820000e+03
   3.2930000e+03
   3.3040000e+03
   3.3170000e+03
   3.3360000e+03
   3.3510000e+03
   3.3620000e+03
   3.3680000e+03
   3.3830000e+03
   3.3920000e+03
   3.4020000e+03
   3.4190000e+03
   3.4350000e+03
   3.4480000e+03
   3.4580000e+03
   3.4960000e+03
   3.5270000e+03
   3.5380000e+03
   3.5660000e+03
   3.7230000e+03
   3.8020000e+03
   3.8090000e+03
   3.8120000e+03
   3.8180000e+03
   3.8330000e+03
   3.8410000e+03
   3.8570000e+03
   3.8710000e+03
   3.9000000e+03
   3.9430000e+03
   3.9540000e+03
   3.9790000e+03
   4.0140000e+03
   4.0240000e+03
   4.0310000e+03
   4.0430000e+03
   4.0530000e+03
   4.0800000e+03
   4.0860000e+03
   4.1040000e+03
   4.1150000e+03
   4.1290000e+03
   4.1390000e+03
   4.1460000e+03
   4.1650000e+03
   4.2140000e+03
   4.2240000e+03
   4.2340000e+03
   4.2450000e+03
   4.2620000e+03
   4.2720000e+03
   4.2800000e+03
   4.2940000e+03
   4.3090000e+03
   4.4380000e+03
   4.4450000e+03
   4.4510000e+03
   4.4580000e+03
   4.4690000e+03
   4.4790000e+03
   4.4850000e+03
   4.5000000e+03
   4.5120000e+03
   4.5380000e+03
   4.5510000e+03
   4.6410000e+03
   4.6530000e+03
   4.6630000e+03
   4.6750000e+03
   4.6900000e+03
   4.7460000e+03
   4.7760000e+03
   4.7910000e+03
   4.7990000e+03
   4.8090000e+03
   4.8200000e+03
   4.8250000e+03
   4.8330000e+03
   4.8420000e+03
   4.8560000e+03
   4.8680000e+03
   4.8770000e+03
   4.9060000e+03
   4.9720000e+03
   5.0470000e+03
   5.0520000e+03
   5.0590000e+03
   5.0650000e+03
   5.0710000e+03
   5.0800000e+03
   5.0920000e+03
   5.1000000e+03
   5.1070000e+03
   5.1190000e+03
   5.1280000e+03
   5.1360000e+03
   5.1470000e+03
   5.1660000e+03
   5.1900000e+03
   5.2730000e+03
   5.2890000e+03
   5.3010000e+03
   5.3150000e+03
   5.3270000e+03
   5.3370000e+03
   5.3500000e+03
   5.3560000e+03
   5.3630000e+03
   5.3800000e+03
   5.3940000e+03
   5.4170000e+03
   5.4330000e+03
   5.4480000e+03
   5.4670000e+03
   5.4910000e+03
   5.5180000e+03
   5.5650000e+03
   5.5780000e+03
   5.5890000e+03
   5.6000000e+03
   5.6110000e+03
   5.6200000e+03
   5.6490000e+03
   5.7500000e+03
   5.7720000e+03
   5.7830000e+03
   5.8020000e+03
   5.8390000e+03
   5.8530000e+03
   5.8630000e+03
   5.8950000e+03
   5.9300000e+03
   5.9610000e+03
   6.0230000e+03
   6.0430000e+03
   6.0610000e+03
   6.0720000e+03
   6.0780000e+03
   6.0840000e+03
   6.0920000e+03
   6.1050000e+03
   6.1220000e+03
   6.1430000e+03
   6.2690000e+03
   6.2790000e+03
   6.4410000e+03
   6.4570000e+03
   6.5010000e+03
   6.5300000e+03
   6.5450000e+03
   6.5520000e+03
   6.5610000e+03
   6.5800000e+03
   6.6130000e+03
   6.6350000e+03
   6.7340000e+03
   6.7830000e+03
   6.8550000e+03
   6.8770000e+03
   7.0480000e+03
   7.0610000e+03
   7.0880000e+03
   7.1050000e+03
   7.3970000e+03
   7.4050000e+03
   7.4120000e+03
   7.4190000e+03
   7.4240000e+03
   7.4350000e+03
   7.4540000e+03
   7.4690000e+03
   7.4800000e+03
   7.4920000e+03
   7.4980000e+03
   7.5070000e+03
   7.5140000e+03
   7.5220000e+03
   7.5300000e+03
   7.5390000e+03
   7.5550000e+03
   7.7810000e+03
   7.7920000e+03
   7.8190000e+03
   7.8280000e+03
   7.8380000e+03
   7.8480000e+03
   7.8540000e+03
   7.8610000e+03
   7.8670000e+03
   7.8760000e+03
   7.8870000e+03
   7.9070000e+03
   8.1420000e+03
   8.1690000e+03
   8.1800000e+03
   8.2050000e+03
   8.2170000e+03
   8.2320000e+03
   8.2500000e+03
   8.2640000e+03
   8.2730000e+03
   8.2890000e+03
   8.2970000e+03
   8.3040000e+03
   8.3140000e+03
   8.3210000e+03
   8.3270000e+03
   8.3300000e+03
   8.3340000e+03
   8.3430000e+03
   8.3470000e+03
   8.3530000e+03
   8.3610000e+03
   8.3670000e+03
   8.3710000e+03
   8.3770000e+03
   8.3900000e+03
   8.3980000e+03
   8.4150000e+03
   8.4280000e+03
   8.4420000e+03
   8.4530000e+03
   8.4660000e+03
   8.4860000e+03
   8.5040000e+03
   8.5170000e+03
   8.5320000e+03
   8.5450000e+03
   8.5520000e+03
   8.5740000e+03
   8.5950000e+03
   8.6100000e+03
   8.6360000e+03
   8.6690000e+03
   8.6830000e+03
   8.7060000e+03
   8.7170000e+03
   8.7340000e+03
   8.7490000e+03
   8.7690000e+03
   8.7810000e+03
   8.7980000e+03
   8.8130000e+03
   8.8250000e+03
   8.8430000e+03
   8.8880000e+03
   8.9110000e+03
   8.9300000e+03
   8.9540000e+03
   8.9980000e+03
   9.0130000e+03
   9.0380000e+03
   9.0530000e+03
   9.0690000e+03
   9.0800000e+03
   9.0980000e+03
   9.1140000e+03
   9.1250000e+03
   9.1490000e+03
   9.2300000e+03
   9.2860000e+03
   9.3000000e+03
   9.3990000e+03
   9.4180000e+03
   9.4300000e+03
   9.4470000e+03
   9.4960000e+03
   9.5270000e+03
   9.5390000e+03
   9.5570000e+03
   9.5650000e+03
   9.5720000e+03
   9.5910000e+03
   9.6010000e+03
   9.6100000e+03
   9.6240000e+03
   9.6540000e+03
   9.6700000e+03
   9.6770000e+03
   9.6860000e+03
   9.9190000e+03
   9.9630000e+03
   9.9730000e+03
   9.9830000e+03
   9.9900000e+03
   9.9960000e+03
   1.0002000e+04
   1.0008000e+04
   1.0019000e+04
   1.0027000e+04
   1.0037000e+04
