   1.3800000e+02
   1.4600000e+02
   1.5400000e+02
   1.6300000e+02
   1.7100000e+02
   1.7500000e+02
   1.8000000e+02
   1.8500000e+02
   1.9600000e+02
   2.0400000e+02
   2.0900000e+02
   2.1700000e+02
   2.2600000e+02
   2.4500000e+02
   2.5900000e+02
   3.8900000e+02
   4.0100000e+02
   4.1000000e+02
   4.1900000e+02
   4.2800000e+02
   4.4600000e+02
   4.5600000e+02
   4.6700000e+02
   4.7800000e+02
   4.9800000e+02
   5.0900000e+02
   5.2800000e+02
   5.3900000e+02
   5.5600000e+02
   5.7000000e+02
   6.3800000e+02
   7.0100000e+02
   8.8100000e+02
   8.9100000e+02
   9.0000000e+02
   9.0800000e+02
   9.1200000e+02
   9.1700000e+02
   9.2500000e+02
   9.3100000e+02
   9.4000000e+02
   9.5200000e+02
   9.6400000e+02
   9.9000000e+02
   1.2200000e+03
   1.2310000e+03
   1.2420000e+03
   1.2460000e+03
   1.2540000e+03
   1.2670000e+03
   1.2900000e+03
   1.4050000e+03
   1.4180000e+03
   1.4600000e+03
   1.4910000e+03
   1.5080000e+03
   1.5230000e+03
   1.5760000e+03
   1.5910000e+03
   1.8280000e+03
   1.9520000e+03
   1.9610000e+03
   1.9760000e+03
   1.9850000e+03
   1.9910000e+03
   1.9970000e+03
   2.0040000e+03
   2.0170000e+03
   2.0260000e+03
   2.0360000e+03
   2.0450000e+03
   2.0560000e+03
   2.0680000e+03
   2.0830000e+03
   2.0960000e+03
   2.1020000e+03
   2.1170000e+03
   2.1260000e+03
   2.1370000e+03
   2.1490000e+03
   2.1660000e+03
   2.1780000e+03
   2.1850000e+03
   2.1940000e+03
   2.2060000e+03
   2.2200000e+03
   2.2360000e+03
   2.2480000e+03
   2.2610000e+03
   2.2720000e+03
   2.2850000e+03
   2.2930000e+03
   2.3030000e+03
   2.3110000e+03
   2.3190000e+03
   2.3280000e+03
   2.3390000e+03
   2.3500000e+03
   2.3640000e+03
   2.3690000e+03
   2.3830000e+03
   2.3910000e+03
   2.4190000e+03
   2.4480000e+03
   2.5550000e+03
   2.5690000e+03
   2.6150000e+03
   2.6370000e+03
   2.6430000e+03
   2.6610000e+03
   2.6860000e+03
   2.7130000e+03
   2.7520000e+03
   2.7650000e+03
   2.7800000e+03
   2.8460000e+03
   2.8690000e+03
   2.8990000e+03
   3.0870000e+03
   3.0950000e+03
   3.1080000e+03
   3.1180000e+03
   3.1360000e+03
   3.1490000e+03
   3.1560000e+03
   3.1800000e+03
   3.2070000e+03
   3.2250000e+03
   3.2300000e+03
   3.2430000e+03
   3.2580000e+03
   3.2710000e+03
   3.2800000e+03
   3.2910000e+03
   3.3090000e+03
   3.3280000e+03
   3.3410000e+03
   3.3640000e+03
   3.3700000e+03
   3.3850000e+03
   3.3970000e+03
   3.4060000e+03
   3.4150000e+03
   3.4290000e+03
   3.4390000e+03
   3.4550000e+03
   3.5340000e+03
   3.5440000e+03
   3.5550000e+03
   3.8050000e+03
   3.8120000e+03
   3.8180000e+03
   3.8350000e+03
   3.8480000e+03
   3.8720000e+03
   3.8930000e+03
   3.9210000e+03
   3.9430000e+03
   3.9690000e+03
   3.9800000e+03
   4.0100000e+03
   4.0230000e+03
   4.0350000e+03
   4.0460000e+03
   4.0650000e+03
   4.0710000e+03
   4.0780000e+03
   4.1000000e+03
   4.1120000e+03
   4.1190000e+03
   4.1350000e+03
   4.1430000e+03
   4.1530000e+03
   4.1730000e+03
   4.1870000e+03
   4.2030000e+03
   4.2230000e+03
   4.2410000e+03
   4.2490000e+03
   4.2680000e+03
   4.2750000e+03
   4.2860000e+03
   4.2960000e+03
   4.3230000e+03
   4.4420000e+03
   4.4460000e+03
   4.4640000e+03
   4.4750000e+03
   4.4950000e+03
   4.5230000e+03
   4.5380000e+03
   4.5680000e+03
   4.5940000e+03
   4.6560000e+03
   4.6670000e+03
   4.6760000e+03
   4.7170000e+03
   4.7570000e+03
   4.7870000e+03
   4.7960000e+03
   4.8020000e+03
   4.8160000e+03
   4.8280000e+03
   4.8390000e+03
   4.8670000e+03
   4.8810000e+03
   4.9090000e+03
   5.4490000e+03
   5.4650000e+03
   5.4930000e+03
   5.5070000e+03
   5.5150000e+03
   5.5250000e+03
   5.5580000e+03
   6.0910000e+03
   6.1120000e+03
   6.1190000e+03
   6.1310000e+03
   6.1470000e+03
   6.1670000e+03
   6.2300000e+03
   6.2710000e+03
   6.2840000e+03
   6.3030000e+03
   6.3160000e+03
   6.3250000e+03
   6.3430000e+03
   6.3500000e+03
   6.3580000e+03
   6.3680000e+03
   6.3930000e+03
   6.4110000e+03
   6.4250000e+03
   6.4470000e+03
   6.4620000e+03
   6.4880000e+03
   6.5040000e+03
   6.5180000e+03
   6.5340000e+03
   6.5670000e+03
   6.6030000e+03
   6.6250000e+03
   6.6400000e+03
   6.7280000e+03
   6.9340000e+03
   6.9720000e+03
   6.9920000e+03
   7.3490000e+03
   7.3550000e+03
   7.3640000e+03
   7.3730000e+03
   7.3810000e+03
   7.3960000e+03
   7.4100000e+03
   7.4220000e+03
   7.4390000e+03
   7.4580000e+03
   7.4720000e+03
   7.4840000e+03
   7.4930000e+03
   7.5060000e+03
   7.5160000e+03
   7.5290000e+03
   7.5430000e+03
   7.5650000e+03
   7.6070000e+03
   7.6210000e+03
   7.6350000e+03
   7.6510000e+03
   7.6650000e+03
   7.6930000e+03
   7.7050000e+03
   7.7220000e+03
   7.7340000e+03
   7.7470000e+03
   7.7530000e+03
   7.7580000e+03
   7.7700000e+03
   7.7800000e+03
   7.7930000e+03
   7.8020000e+03
   7.8110000e+03
   7.8180000e+03
   7.8310000e+03
   7.8420000e+03
   7.8610000e+03
   7.8730000e+03
   7.8920000e+03
   7.9560000e+03
   7.9710000e+03
   7.9810000e+03
   7.9930000e+03
   8.0170000e+03
   8.0280000e+03
   8.0570000e+03
   8.0800000e+03
   8.0880000e+03
   8.1010000e+03
   8.1180000e+03
   8.1580000e+03
   8.3100000e+03
   8.3360000e+03
   8.3500000e+03
   8.3670000e+03
   8.3920000e+03
   8.4290000e+03
   8.4440000e+03
   8.4580000e+03
   8.6180000e+03
   9.2860000e+03
   9.2950000e+03
   9.2990000e+03
   9.3080000e+03
   9.3160000e+03
   9.3260000e+03
   9.3300000e+03
   9.3340000e+03
   9.3410000e+03
   9.3570000e+03
   9.3640000e+03
   9.3710000e+03
   9.3840000e+03
   9.3920000e+03
   9.4080000e+03
   9.4230000e+03
   9.4340000e+03
   9.4490000e+03
   9.4700000e+03
   9.4800000e+03
   9.5150000e+03
   9.5870000e+03
   9.5960000e+03
   9.6100000e+03
   9.6270000e+03
   9.6360000e+03
   9.6490000e+03
   9.6670000e+03
   9.6790000e+03
   9.6870000e+03
   9.6980000e+03
   9.7290000e+03
   9.7420000e+03
   9.7580000e+03
   9.7750000e+03
   9.7870000e+03
   9.8120000e+03
   9.9060000e+03
