   1.4100000e+02
   1.6300000e+02
   1.6800000e+02
   1.7300000e+02
   1.7800000e+02
   1.8300000e+02
   1.9000000e+02
   1.9500000e+02
   2.0400000e+02
   2.1100000e+02
   2.1700000e+02
   2.2800000e+02
   3.9500000e+02
   4.1100000e+02
   4.3200000e+02
   4.4400000e+02
   4.5300000e+02
   4.6500000e+02
   4.7400000e+02
   4.8500000e+02
   5.1800000e+02
   5.3300000e+02
   5.4900000e+02
   5.6300000e+02
   6.4800000e+02
   8.6600000e+02
   8.9600000e+02
   9.0100000e+02
   9.0800000e+02
   9.1400000e+02
   9.2000000e+02
   9.2700000e+02
   9.3400000e+02
   9.4800000e+02
   9.5900000e+02
   9.7700000e+02
   1.0000000e+03
   1.2220000e+03
   1.2360000e+03
   1.2400000e+03
   1.2500000e+03
   1.2560000e+03
   1.2680000e+03
   1.2900000e+03
   1.3720000e+03
   1.3840000e+03
   1.4220000e+03
   1.4890000e+03
   1.5700000e+03
   1.5810000e+03
   1.9520000e+03
   1.9640000e+03
   1.9730000e+03
   1.9820000e+03
   1.9890000e+03
   1.9930000e+03
   2.0040000e+03
   2.0120000e+03
   2.0220000e+03
   2.0270000e+03
   2.0400000e+03
   2.0590000e+03
   2.0730000e+03
   2.0890000e+03
   2.0970000e+03
   2.1070000e+03
   2.1150000e+03
   2.1260000e+03
   2.1300000e+03
   2.1440000e+03
   2.1600000e+03
   2.1780000e+03
   2.1870000e+03
   2.1990000e+03
   2.2090000e+03
   2.2340000e+03
   2.2500000e+03
   2.2680000e+03
   2.2800000e+03
   2.3020000e+03
   2.3110000e+03
   2.3210000e+03
   2.3300000e+03
   2.3430000e+03
   2.3550000e+03
   2.3650000e+03
   2.3720000e+03
   2.3890000e+03
   2.4100000e+03
   2.4400000e+03
   2.5550000e+03
   2.5620000e+03
   2.6170000e+03
   2.6400000e+03
   2.6540000e+03
   2.6620000e+03
   2.6840000e+03
   2.7520000e+03
   2.7620000e+03
   2.7820000e+03
   2.8020000e+03
   2.8560000e+03
   2.9750000e+03
   3.0820000e+03
   3.0920000e+03
   3.1040000e+03
   3.1150000e+03
   3.1290000e+03
   3.1530000e+03
   3.1630000e+03
   3.2110000e+03
   3.2160000e+03
   3.2360000e+03
   3.2510000e+03
   3.2710000e+03
   3.2830000e+03
   3.2910000e+03
   3.3080000e+03
   3.3310000e+03
   3.3400000e+03
   3.3570000e+03
   3.3660000e+03
   3.3730000e+03
   3.3800000e+03
   3.3870000e+03
   3.4000000e+03
   3.4180000e+03
   3.4470000e+03
   3.4690000e+03
   3.4910000e+03
   3.5160000e+03
   3.5340000e+03
   3.5440000e+03
   3.5850000e+03
   3.8030000e+03
   3.8090000e+03
   3.8210000e+03
   3.8290000e+03
   3.8460000e+03
   3.8710000e+03
   3.8940000e+03
   3.9200000e+03
   3.9640000e+03
   4.0120000e+03
   4.0200000e+03
   4.0320000e+03
   4.0500000e+03
   4.0810000e+03
   4.1080000e+03
   4.1160000e+03
   4.1240000e+03
   4.1390000e+03
   4.1530000e+03
   4.1720000e+03
   4.2160000e+03
   4.2250000e+03
   4.2320000e+03
   4.2460000e+03
   4.2710000e+03
   4.2750000e+03
   4.2890000e+03
   4.3010000e+03
   4.3120000e+03
   4.4480000e+03
   4.4550000e+03
   4.4640000e+03
   4.4770000e+03
   4.5010000e+03
   4.5280000e+03
   4.5520000e+03
   4.5750000e+03
   4.6410000e+03
   4.6500000e+03
   4.6640000e+03
   4.6740000e+03
   4.6840000e+03
   4.7190000e+03
   4.7910000e+03
   4.7990000e+03
   4.8090000e+03
   4.8230000e+03
   4.8310000e+03
   4.8420000e+03
   4.8680000e+03
   4.8760000e+03
   4.8980000e+03
   4.9050000e+03
   5.0650000e+03
   5.0990000e+03
   5.1190000e+03
   5.1450000e+03
   5.1580000e+03
   5.1680000e+03
   5.1790000e+03
   5.1890000e+03
   5.1990000e+03
   5.2080000e+03
   5.2150000e+03
   5.2210000e+03
   5.2320000e+03
   5.2400000e+03
   5.2570000e+03
   5.2700000e+03
   5.2780000e+03
   5.2950000e+03
   5.3030000e+03
   5.3090000e+03
   5.3750000e+03
   5.3920000e+03
   5.4150000e+03
   5.4420000e+03
   5.4720000e+03
   5.4830000e+03
   5.5090000e+03
   5.5570000e+03
   5.5650000e+03
   5.5920000e+03
   5.6190000e+03
   5.6300000e+03
   5.6420000e+03
   5.6540000e+03
   5.6780000e+03
   5.7500000e+03
   5.7630000e+03
   5.7860000e+03
   5.8920000e+03
   5.8990000e+03
   5.9050000e+03
   5.9170000e+03
   5.9280000e+03
   5.9410000e+03
   5.9540000e+03
   5.9950000e+03
   6.3240000e+03
   6.3320000e+03
   6.3470000e+03
   6.3560000e+03
   6.3720000e+03
   6.3970000e+03
   6.5760000e+03
   6.5980000e+03
   6.6050000e+03
   6.6160000e+03
   6.6360000e+03
   6.6540000e+03
   7.2370000e+03
   7.2760000e+03
   7.3080000e+03
   7.3530000e+03
   7.3710000e+03
   7.3770000e+03
   7.3900000e+03
   7.4060000e+03
   7.4140000e+03
   7.4220000e+03
   7.4320000e+03
   7.4430000e+03
   7.4490000e+03
   7.4590000e+03
   7.4660000e+03
   7.4700000e+03
   7.4790000e+03
   7.4840000e+03
   7.4910000e+03
   7.4970000e+03
   7.5000000e+03
   7.5030000e+03
   7.5080000e+03
   7.5150000e+03
   7.5200000e+03
   7.5250000e+03
   7.5350000e+03
   7.5450000e+03
   7.5560000e+03
   7.5670000e+03
   7.5780000e+03
   7.6360000e+03
   7.6650000e+03
   7.6860000e+03
   7.7010000e+03
   7.7220000e+03
   7.7360000e+03
   7.7470000e+03
   7.7610000e+03
   7.7790000e+03
   7.7930000e+03
   7.8350000e+03
   7.9270000e+03
   7.9870000e+03
   8.0520000e+03
   8.0840000e+03
   8.1050000e+03
   8.1130000e+03
   8.1250000e+03
   8.1330000e+03
   8.1400000e+03
   8.1460000e+03
   8.1530000e+03
   8.1580000e+03
   8.1730000e+03
   8.1800000e+03
   8.1900000e+03
   8.2060000e+03
   8.2160000e+03
   8.2280000e+03
   8.2400000e+03
   8.2500000e+03
   8.2680000e+03
   8.2900000e+03
   8.3100000e+03
   8.3220000e+03
   8.3310000e+03
   8.3740000e+03
   8.3880000e+03
   8.4080000e+03
   8.4160000e+03
   8.4260000e+03
   8.4470000e+03
   8.4600000e+03
   8.4830000e+03
   8.4920000e+03
   8.5080000e+03
   8.5180000e+03
   8.5270000e+03
   8.5390000e+03
   8.5490000e+03
   8.5560000e+03
   8.5740000e+03
   8.5970000e+03
   8.6180000e+03
   8.6360000e+03
   8.6540000e+03
   8.6870000e+03
   8.6990000e+03
   8.7110000e+03
   8.7300000e+03
   8.7620000e+03
   8.7710000e+03
   8.8090000e+03
   8.8390000e+03
   8.9090000e+03
   8.9200000e+03
   8.9390000e+03
   9.0630000e+03
   9.0830000e+03
   9.0930000e+03
   9.0980000e+03
   9.1090000e+03
   9.1180000e+03
   9.1250000e+03
   9.1340000e+03
   9.1410000e+03
   9.1530000e+03
   9.1840000e+03
   9.1920000e+03
   9.2040000e+03
   9.2160000e+03
   9.2270000e+03
   9.2400000e+03
   9.2660000e+03
   9.2800000e+03
   9.2990000e+03
   9.3260000e+03
   9.3420000e+03
   9.3490000e+03
   9.3650000e+03
   9.4110000e+03
   9.4350000e+03
   9.4800000e+03
   9.4900000e+03
   9.5050000e+03
   9.5180000e+03
   9.5460000e+03
   9.5700000e+03
   9.5830000e+03
   9.5980000e+03
   9.6080000e+03
   9.6400000e+03
   9.6930000e+03
   9.7060000e+03
   9.7280000e+03
   9.7550000e+03
   9.8660000e+03
   9.9000000e+03
   9.9800000e+03
