   5.8000000e+01
   8.8000000e+01
   9.8000000e+01
   1.1400000e+02
   1.3000000e+02
   1.4100000e+02
   1.5100000e+02
   1.5700000e+02
   1.6400000e+02
   1.7000000e+02
   1.7500000e+02
   1.7900000e+02
   1.8300000e+02
   1.9100000e+02
   1.9400000e+02
   2.0000000e+02
   2.0700000e+02
   2.1300000e+02
   2.1800000e+02
   2.3300000e+02
   2.5400000e+02
   3.8400000e+02
   3.9100000e+02
   3.9900000e+02
   4.0500000e+02
   4.2100000e+02
   4.2700000e+02
   4.3400000e+02
   4.4500000e+02
   4.5200000e+02
   4.6000000e+02
   4.7100000e+02
   4.7800000e+02
   5.1500000e+02
   5.3000000e+02
   5.4500000e+02
   5.5700000e+02
   5.7600000e+02
   6.0700000e+02
   7.0500000e+02
   8.7100000e+02
   8.7600000e+02
   8.9100000e+02
   8.9800000e+02
   9.0300000e+02
   9.1100000e+02
   9.1500000e+02
   9.2100000e+02
   9.2600000e+02
   9.3400000e+02
   9.4600000e+02
   9.6000000e+02
   9.8200000e+02
   1.1960000e+03
   1.2060000e+03
   1.2140000e+03
   1.2320000e+03
   1.2370000e+03
   1.2470000e+03
   1.2510000e+03
   1.2560000e+03
   1.2680000e+03
   1.2790000e+03
   1.3800000e+03
   1.3920000e+03
   1.4040000e+03
   1.4210000e+03
   1.4490000e+03
   1.4670000e+03
   1.4830000e+03
   1.5010000e+03
   1.5690000e+03
   1.5760000e+03
   1.5830000e+03
   1.9210000e+03
   1.9410000e+03
   1.9510000e+03
   1.9620000e+03
   1.9690000e+03
   1.9790000e+03
   1.9860000e+03
   1.9950000e+03
   2.0010000e+03
   2.0080000e+03
   2.0170000e+03
   2.0320000e+03
   2.0430000e+03
   2.0560000e+03
   2.0750000e+03
   2.0950000e+03
   2.1060000e+03
   2.1190000e+03
   2.1260000e+03
   2.1310000e+03
   2.1400000e+03
   2.1540000e+03
   2.1710000e+03
   2.1830000e+03
   2.1930000e+03
   2.2060000e+03
   2.2120000e+03
   2.2260000e+03
   2.2430000e+03
   2.2650000e+03
   2.2770000e+03
   2.2870000e+03
   2.2990000e+03
   2.3120000e+03
   2.3200000e+03
   2.3290000e+03
   2.3450000e+03
   2.3550000e+03
   2.3630000e+03
   2.3830000e+03
   2.3980000e+03
   2.4290000e+03
   2.4460000e+03
   2.5030000e+03
   2.5490000e+03
   2.5540000e+03
   2.5590000e+03
   2.5670000e+03
   2.5760000e+03
   2.5930000e+03
   2.6060000e+03
   2.6310000e+03
   2.6390000e+03
   2.6530000e+03
   2.6750000e+03
   2.7010000e+03
   2.7460000e+03
   2.7670000e+03
   2.7820000e+03
   2.7910000e+03
   2.8010000e+03
   2.8340000e+03
   2.8670000e+03
   2.8790000e+03
   2.9030000e+03
   2.9780000e+03
   3.0880000e+03
   3.0920000e+03
   3.1030000e+03
   3.1110000e+03
   3.1230000e+03
   3.1310000e+03
   3.1450000e+03
   3.1610000e+03
   3.1790000e+03
   3.2110000e+03
   3.2200000e+03
   3.2380000e+03
   3.2500000e+03
   3.2640000e+03
   3.2710000e+03
   3.2780000e+03
   3.2920000e+03
   3.3050000e+03
   3.3200000e+03
   3.3350000e+03
   3.3550000e+03
   3.3610000e+03
   3.3710000e+03
   3.3800000e+03
   3.3880000e+03
   3.3970000e+03
   3.4110000e+03
   3.4310000e+03
   3.4410000e+03
   3.4540000e+03
   3.4660000e+03
   3.4960000e+03
   3.5170000e+03
   3.5280000e+03
   3.5360000e+03
   3.5580000e+03
   3.8000000e+03
   3.8060000e+03
   3.8150000e+03
   3.8220000e+03
   3.8270000e+03
   3.8450000e+03
   3.8510000e+03
   3.8680000e+03
   3.8830000e+03
   3.8920000e+03
   3.9330000e+03
   3.9520000e+03
   4.0040000e+03
   4.0150000e+03
   4.0230000e+03
   4.0390000e+03
   4.0490000e+03
   4.0610000e+03
   4.0730000e+03
   4.0900000e+03
   4.0950000e+03
   4.1190000e+03
   4.1310000e+03
   4.1400000e+03
   4.1570000e+03
   4.1680000e+03
   4.2020000e+03
   4.2180000e+03
   4.2290000e+03
   4.2430000e+03
   4.2630000e+03
   4.2750000e+03
   4.2870000e+03
   4.2970000e+03
   4.3090000e+03
   4.4450000e+03
   4.4540000e+03
   4.4630000e+03
   4.4770000e+03
   4.4910000e+03
   4.5120000e+03
   4.5470000e+03
   4.5660000e+03
   4.6300000e+03
   4.6370000e+03
   4.6480000e+03
   4.6570000e+03
   4.6730000e+03
   4.6890000e+03
   4.7080000e+03
   4.7640000e+03
   4.7850000e+03
   4.7920000e+03
   4.8040000e+03
   4.8110000e+03
   4.8200000e+03
   4.8300000e+03
   4.8390000e+03
   4.8490000e+03
   4.8620000e+03
   4.8820000e+03
   4.8970000e+03
   5.9700000e+03
   5.9790000e+03
   5.9920000e+03
   6.0040000e+03
   6.0200000e+03
   6.0360000e+03
   6.0560000e+03
   6.1560000e+03
   6.1690000e+03
   6.3070000e+03
   6.5710000e+03
   6.5850000e+03
   6.6050000e+03
   6.6170000e+03
   6.6280000e+03
   6.6510000e+03
   6.6720000e+03
   6.6920000e+03
   6.7100000e+03
   6.7200000e+03
   6.7300000e+03
   6.7420000e+03
   6.7610000e+03
   6.7910000e+03
   6.7970000e+03
   6.8160000e+03
   6.8360000e+03
   6.8820000e+03
   6.9320000e+03
   6.9440000e+03
   6.9600000e+03
   7.0850000e+03
   7.1050000e+03
   7.1160000e+03
   7.1340000e+03
   7.1510000e+03
   7.1690000e+03
   7.3770000e+03
   7.3940000e+03
   7.4990000e+03
   7.5350000e+03
   7.5450000e+03
   7.6480000e+03
   7.6540000e+03
   7.6630000e+03
   7.6700000e+03
   7.6810000e+03
   7.6950000e+03
   7.7060000e+03
   7.7130000e+03
   7.7190000e+03
   7.7260000e+03
   7.7360000e+03
   7.7410000e+03
   7.7480000e+03
   7.7550000e+03
   7.7600000e+03
   7.7680000e+03
   7.7760000e+03
   7.7810000e+03
   7.7960000e+03
   7.8130000e+03
   7.8270000e+03
   7.8390000e+03
   7.8510000e+03
   7.8650000e+03
   7.8880000e+03
   7.9040000e+03
   7.9280000e+03
   8.2150000e+03
   8.2440000e+03
   8.2550000e+03
   8.2640000e+03
   8.2730000e+03
   8.2800000e+03
   8.2890000e+03
   8.3010000e+03
   8.3090000e+03
   8.3200000e+03
   8.3280000e+03
   8.3390000e+03
   8.3570000e+03
   8.3700000e+03
   8.3970000e+03
   8.4200000e+03
   8.4280000e+03
   8.4410000e+03
   8.4530000e+03
   8.4740000e+03
   8.4900000e+03
   8.5210000e+03
   8.5460000e+03
   8.6740000e+03
   8.8690000e+03
   8.8790000e+03
   8.9040000e+03
   8.9450000e+03
   8.9740000e+03
   8.9950000e+03
   9.0010000e+03
   9.0130000e+03
   9.0250000e+03
   9.0330000e+03
   9.0440000e+03
   9.0480000e+03
   9.0590000e+03
   9.0700000e+03
   9.0960000e+03
   9.1680000e+03
   9.1790000e+03
   9.3510000e+03
   9.3860000e+03
   9.4150000e+03
   9.5020000e+03
   9.5190000e+03
   9.5470000e+03
   9.5570000e+03
   9.5680000e+03
   9.5760000e+03
   9.5830000e+03
   9.5910000e+03
   9.5970000e+03
   9.6020000e+03
   9.6100000e+03
   9.6160000e+03
   9.6190000e+03
   9.6260000e+03
   9.6320000e+03
   9.6370000e+03
   9.6480000e+03
   9.6610000e+03
   9.6670000e+03
   9.6870000e+03
   9.6970000e+03
   9.7260000e+03
