   1.4300000e+02
   1.4900000e+02
   1.6000000e+02
   1.6500000e+02
   1.7400000e+02
   1.8000000e+02
   1.8500000e+02
   1.9000000e+02
   2.0300000e+02
   2.0800000e+02
   2.2500000e+02
   3.8100000e+02
   3.9000000e+02
   4.0400000e+02
   4.1500000e+02
   4.2800000e+02
   4.3800000e+02
   4.5300000e+02
   4.6600000e+02
   4.7000000e+02
   4.9400000e+02
   5.0700000e+02
   5.1900000e+02
   5.4300000e+02
   5.6000000e+02
   5.7300000e+02
   5.9500000e+02
   7.0000000e+02
   8.7200000e+02
   8.8300000e+02
   8.9100000e+02
   8.9900000e+02
   9.0400000e+02
   9.0800000e+02
   9.1100000e+02
   9.1700000e+02
   9.2600000e+02
   9.3300000e+02
   9.4400000e+02
   9.5800000e+02
   9.8000000e+02
   1.1920000e+03
   1.2080000e+03
   1.2300000e+03
   1.2410000e+03
   1.2470000e+03
   1.2520000e+03
   1.2590000e+03
   1.2660000e+03
   1.2800000e+03
   1.3760000e+03
   1.3910000e+03
   1.4510000e+03
   1.5010000e+03
   1.5720000e+03
   1.5810000e+03
   1.5960000e+03
   1.9390000e+03
   1.9460000e+03
   1.9540000e+03
   1.9630000e+03
   1.9740000e+03
   1.9820000e+03
   1.9910000e+03
   1.9950000e+03
   2.0010000e+03
   2.0080000e+03
   2.0160000e+03
   2.0270000e+03
   2.0360000e+03
   2.0500000e+03
   2.0870000e+03
   2.1030000e+03
   2.1180000e+03
   2.1280000e+03
   2.1340000e+03
   2.1380000e+03
   2.1620000e+03
   2.1760000e+03
   2.1860000e+03
   2.1910000e+03
   2.2010000e+03
   2.2120000e+03
   2.2230000e+03
   2.2390000e+03
   2.2520000e+03
   2.2650000e+03
   2.2720000e+03
   2.2840000e+03
   2.2950000e+03
   2.3070000e+03
   2.3140000e+03
   2.3220000e+03
   2.3280000e+03
   2.3400000e+03
   2.3530000e+03
   2.3640000e+03
   2.3800000e+03
   2.4040000e+03
   2.4360000e+03
   2.4580000e+03
   2.5500000e+03
   2.5590000e+03
   2.5680000e+03
   2.6050000e+03
   2.6260000e+03
   2.6410000e+03
   2.6500000e+03
   2.6720000e+03
   2.7500000e+03
   2.7630000e+03
   2.7760000e+03
   2.7950000e+03
   2.8690000e+03
   2.8820000e+03
   2.9690000e+03
   3.0810000e+03
   3.0920000e+03
   3.0970000e+03
   3.1070000e+03
   3.1250000e+03
   3.1470000e+03
   3.1610000e+03
   3.2080000e+03
   3.2170000e+03
   3.2300000e+03
   3.2540000e+03
   3.2730000e+03
   3.2870000e+03
   3.2980000e+03
   3.3140000e+03
   3.3210000e+03
   3.3430000e+03
   3.3530000e+03
   3.3610000e+03
   3.3730000e+03
   3.3780000e+03
   3.3870000e+03
   3.3980000e+03
   3.4060000e+03
   3.4180000e+03
   3.4280000e+03
   3.4440000e+03
   3.4550000e+03
   3.5050000e+03
   3.5280000e+03
   3.5370000e+03
   3.5440000e+03
   3.8010000e+03
   3.8080000e+03
   3.8150000e+03
   3.8230000e+03
   3.8300000e+03
   3.8540000e+03
   3.8640000e+03
   3.9120000e+03
   3.9410000e+03
   3.9730000e+03
   4.0080000e+03
   4.0170000e+03
   4.0380000e+03
   4.0610000e+03
   4.0790000e+03
   4.0920000e+03
   4.1090000e+03
   4.1220000e+03
   4.1300000e+03
   4.1380000e+03
   4.1460000e+03
   4.1590000e+03
   4.1820000e+03
   4.2130000e+03
   4.2220000e+03
   4.2320000e+03
   4.2670000e+03
   4.2780000e+03
   4.2850000e+03
   4.2970000e+03
   4.3130000e+03
   4.4450000e+03
   4.4500000e+03
   4.4560000e+03
   4.4670000e+03
   4.4810000e+03
   4.5040000e+03
   4.5400000e+03
   4.5680000e+03
   4.6560000e+03
   4.6620000e+03
   4.6730000e+03
   4.6800000e+03
   4.7700000e+03
   4.7810000e+03
   4.7860000e+03
   4.7980000e+03
   4.8070000e+03
   4.8160000e+03
   4.8270000e+03
   4.8400000e+03
   4.8540000e+03
   4.8670000e+03
   4.8980000e+03
   5.0600000e+03
   5.0720000e+03
   5.3770000e+03
   5.3840000e+03
   5.4200000e+03
   5.4370000e+03
   5.4620000e+03
   5.4910000e+03
   5.5140000e+03
   5.5260000e+03
   5.5400000e+03
   5.5440000e+03
   5.5570000e+03
   5.5760000e+03
   5.6650000e+03
   5.6800000e+03
   5.6970000e+03
   5.7160000e+03
   5.7270000e+03
   5.7360000e+03
   5.7490000e+03
   5.7670000e+03
   5.7880000e+03
   5.8040000e+03
   5.8180000e+03
   5.8400000e+03
   5.8510000e+03
   5.8720000e+03
   5.8970000e+03
   5.9100000e+03
   5.9250000e+03
   5.9350000e+03
   5.9440000e+03
   5.9500000e+03
   5.9610000e+03
   5.9700000e+03
   5.9870000e+03
   5.9990000e+03
   6.0150000e+03
   6.0310000e+03
   6.0750000e+03
   6.0930000e+03
   6.1370000e+03
   6.2130000e+03
   6.2460000e+03
   6.2540000e+03
   6.2650000e+03
   6.2840000e+03
   6.4420000e+03
   6.4460000e+03
   6.4620000e+03
   6.4830000e+03
   6.4960000e+03
   6.5320000e+03
   6.5630000e+03
   6.5970000e+03
   6.7350000e+03
   6.7520000e+03
   6.7890000e+03
   6.8120000e+03
   6.9980000e+03
   7.4440000e+03
   7.4680000e+03
   7.4790000e+03
   7.5050000e+03
   7.8990000e+03
   7.9080000e+03
   7.9260000e+03
   7.9410000e+03
   7.9480000e+03
   7.9580000e+03
   7.9650000e+03
   7.9700000e+03
   7.9800000e+03
   7.9860000e+03
   7.9970000e+03
   8.0060000e+03
   8.0170000e+03
   8.0300000e+03
   8.0470000e+03
   8.0590000e+03
   8.0750000e+03
   8.0880000e+03
   8.0940000e+03
   8.1390000e+03
   8.1520000e+03
   8.2890000e+03
   8.3300000e+03
   8.3420000e+03
   8.3670000e+03
   8.3780000e+03
   8.3850000e+03
   8.3920000e+03
   8.4030000e+03
   8.4240000e+03
   8.5360000e+03
   8.6610000e+03
   8.6680000e+03
   8.7090000e+03
   8.7210000e+03
   8.7380000e+03
   9.2060000e+03
   9.2170000e+03
   9.2210000e+03
   9.2350000e+03
   9.2440000e+03
   9.2560000e+03
   9.2630000e+03
   9.2800000e+03
   9.2900000e+03
   9.2980000e+03
   9.3030000e+03
   9.3120000e+03
   9.3170000e+03
   9.3220000e+03
   9.3310000e+03
   9.3440000e+03
   9.3530000e+03
   9.3660000e+03
   9.3770000e+03
   9.3880000e+03
   9.3960000e+03
   9.4190000e+03
   9.8170000e+03
   9.8340000e+03
   9.8720000e+03
   9.8800000e+03
   9.8890000e+03
   9.9010000e+03
   9.9090000e+03
   9.9220000e+03
   9.9380000e+03
   9.9510000e+03
   9.9620000e+03
   9.9820000e+03
   9.9920000e+03
   1.0002000e+04
   1.0009000e+04
   1.0018000e+04
   1.0022000e+04
   1.0039000e+04
