   1.5700000e+02
   1.6700000e+02
   1.7300000e+02
   1.7900000e+02
   1.8500000e+02
   1.9300000e+02
   1.9600000e+02
   2.0100000e+02
   2.0800000e+02
   2.2100000e+02
   2.3100000e+02
   2.5200000e+02
   4.0000000e+02
   4.1100000e+02
   4.1600000e+02
   4.1800000e+02
   4.2500000e+02
   4.3800000e+02
   4.5300000e+02
   4.5900000e+02
   4.7600000e+02
   4.8800000e+02
   5.0200000e+02
   5.1500000e+02
   5.2700000e+02
   5.4200000e+02
   5.5700000e+02
   5.6700000e+02
   5.8500000e+02
   8.9000000e+02
   8.9800000e+02
   9.0200000e+02
   9.0700000e+02
   9.1600000e+02
   9.1900000e+02
   9.2400000e+02
   9.4800000e+02
   9.5900000e+02
   1.2190000e+03
   1.2380000e+03
   1.2450000e+03
   1.2490000e+03
   1.2570000e+03
   1.2590000e+03
   1.2670000e+03
   1.2790000e+03
   1.3980000e+03
   1.5710000e+03
   1.5800000e+03
   1.5900000e+03
   1.9460000e+03
   1.9610000e+03
   1.9670000e+03
   1.9770000e+03
   1.9840000e+03
   1.9900000e+03
   1.9970000e+03
   2.0050000e+03
   2.0130000e+03
   2.0220000e+03
   2.0460000e+03
   2.0660000e+03
   2.0850000e+03
   2.1000000e+03
   2.1090000e+03
   2.1260000e+03
   2.1430000e+03
   2.1810000e+03
   2.1870000e+03
   2.1960000e+03
   2.2250000e+03
   2.2430000e+03
   2.2710000e+03
   2.2840000e+03
   2.2920000e+03
   2.3040000e+03
   2.3160000e+03
   2.3210000e+03
   2.3270000e+03
   2.3350000e+03
   2.3450000e+03
   2.3530000e+03
   2.3800000e+03
   2.4110000e+03
   2.5600000e+03
   2.5740000e+03
   2.6490000e+03
   2.6640000e+03
   2.6860000e+03
   2.7570000e+03
   2.7710000e+03
   2.7920000e+03
   2.8370000e+03
   3.0980000e+03
   3.1110000e+03
   3.1210000e+03
   3.1250000e+03
   3.1390000e+03
   3.2240000e+03
   3.2320000e+03
   3.2470000e+03
   3.2660000e+03
   3.2780000e+03
   3.2850000e+03
   3.2960000e+03
   3.3070000e+03
   3.3420000e+03
   3.3520000e+03
   3.3630000e+03
   3.3690000e+03
   3.3870000e+03
   3.4100000e+03
   3.4200000e+03
   3.4380000e+03
   3.4520000e+03
   3.4580000e+03
   3.8040000e+03
   3.8110000e+03
   3.8180000e+03
   3.8330000e+03
   3.8450000e+03
   3.8530000e+03
   4.0120000e+03
   4.0160000e+03
   4.0290000e+03
   4.0400000e+03
   4.0520000e+03
   4.0660000e+03
   4.0760000e+03
   4.0990000e+03
   4.1120000e+03
   4.1190000e+03
   4.1350000e+03
   4.1470000e+03
   4.1610000e+03
   4.2260000e+03
   4.2340000e+03
   4.2670000e+03
   4.2790000e+03
   4.2890000e+03
   4.2980000e+03
   4.4490000e+03
   4.4580000e+03
   4.4650000e+03
   4.4740000e+03
   4.5070000e+03
   4.6580000e+03
   4.8030000e+03
   4.8080000e+03
   4.8200000e+03
   4.8320000e+03
   4.8370000e+03
   4.8480000e+03
   4.8580000e+03
   4.8720000e+03
   4.8870000e+03
   4.9040000e+03
   5.0640000e+03
   5.0800000e+03
   5.1280000e+03
   5.1590000e+03
   5.1970000e+03
   5.2370000e+03
   5.2470000e+03
   5.2590000e+03
   5.2680000e+03
   5.2770000e+03
   5.5070000e+03
   5.5330000e+03
   5.5580000e+03
   5.5650000e+03
   5.5700000e+03
   5.5920000e+03
   5.6020000e+03
   5.6200000e+03
   5.6420000e+03
   5.6970000e+03
   6.0040000e+03
   6.0250000e+03
   6.2590000e+03
   6.2670000e+03
   6.2710000e+03
   6.2820000e+03
   6.3040000e+03
   6.8150000e+03
   6.8640000e+03
   6.8740000e+03
   6.8840000e+03
   6.8920000e+03
   6.9040000e+03
   6.9110000e+03
   6.9440000e+03
   6.9570000e+03
   7.0200000e+03
   7.0360000e+03
   7.5730000e+03
   7.9800000e+03
   8.0120000e+03
   8.0810000e+03
   8.0890000e+03
   8.1000000e+03
   8.1160000e+03
   8.7710000e+03
   8.7800000e+03
   9.2980000e+03
   9.3110000e+03
   9.3340000e+03
   9.4020000e+03
   9.4170000e+03
   9.6670000e+03
   9.6790000e+03
   9.6820000e+03
   9.6870000e+03
   9.7000000e+03
   9.7060000e+03
   9.7120000e+03
   9.7400000e+03
   9.7520000e+03
   9.9230000e+03
   9.9350000e+03
   9.9450000e+03
   9.9520000e+03
   9.9640000e+03
   9.9700000e+03
   9.9930000e+03
   1.0000000e+04
   1.0011000e+04
   1.0036000e+04
